8.333330000000000126e+00
8.164623000000000630e+00
7.995915000000000106e+00
7.827207999999999721e+00
7.658500000000000085e+00
7.489792999999999701e+00
7.321086000000000205e+00
7.152377999999999680e+00
6.983671000000000184e+00
6.814962999999999660e+00
6.646256000000000164e+00
6.477547999999999639e+00
6.308841000000000143e+00
6.140133999999999759e+00
5.971426000000000123e+00
5.802718999999999738e+00
5.634011000000000102e+00
5.465303999999999718e+00
5.296597000000000222e+00
5.127888999999999697e+00
4.959182000000000201e+00
4.790473999999999677e+00
4.621767000000000181e+00
4.453058999999999656e+00
4.284352000000000160e+00
4.115644999999999776e+00
3.946937000000000140e+00
3.778230000000000199e+00
3.609522000000000119e+00
3.440815000000000179e+00
3.272107999999999794e+00
3.103400000000000158e+00
2.934693000000000218e+00
2.765985000000000138e+00
2.597278000000000198e+00
2.428570000000000118e+00
2.259863000000000177e+00
2.091155999999999793e+00
1.922447999999999935e+00
1.753740999999999994e+00
1.585032999999999914e+00
1.416325999999999974e+00
1.247619000000000034e+00
1.078910999999999953e+00
9.102040000000000131e-01
7.414960000000000440e-01
5.727889999999999926e-01
4.040819999999999967e-01
2.353739999999999999e-01
6.666700000000000403e-02
