index	NP	0	1
0	01	458010.0	1113989.0
1	01	458066.56	1113932.38
2	01	458123.13	1113875.88
3	01	458179.72	1113819.25
4	01	458236.28	1113762.75
5	01	458292.84	1113706.13
6	01	458349.41	1113649.63
7	01	458405.97	1113593.0
8	01	458462.56	1113536.5
9	01	458519.13	1113479.88
10	01	458575.69	1113423.38
11	01	458632.25	1113366.75
12	01	458688.81	1113310.13
13	01	458745.41	1113253.63
14	01	458801.97	1113197.0
15	01	458858.53	1113140.5
16	01	458915.09	1113083.88
17	01	458971.66	1113027.38
18	01	459028.22	1112970.75
19	01	459084.81	1112914.25
20	01	459141.38	1112857.63
21	01	459197.94	1112801.0
22	01	459254.5	1112744.5
23	01	459311.06	1112687.88
24	01	459367.66	1112631.38
25	01	459424.22	1112574.75
26	01	459480.78	1112518.25
27	01	459537.34	1112461.63
28	01	459593.91	1112405.13
29	01	459650.5	1112348.5
30	01	459707.06	1112292.0
31	01	459763.63	1112235.38
32	01	459820.19	1112178.75
33	01	459876.75	1112122.25
34	01	459933.34	1112065.63
35	01	459989.91	1112009.13
36	01	460046.47	1111952.5
37	01	460103.03	1111896.0
38	01	460159.59	1111839.38
39	01	460216.19	1111782.88
40	01	460272.75	1111726.25
41	01	460329.31	1111669.75
42	01	460385.88	1111613.13
43	01	460442.44	1111556.5
44	01	460499.03	1111500.0
45	01	460555.59	1111443.38
46	01	460612.16	1111386.88
47	01	460668.72	1111330.25
48	01	460725.28	1111273.75
49	01	460781.84	1111217.13
50	01	460838.44	1111160.63
51	01	460895.0	1111104.0
52	01	460951.56	1111047.38
53	01	461008.13	1110990.88
54	01	461064.69	1110934.25
55	01	461121.28	1110877.75
56	01	461177.84	1110821.13
57	01	461234.41	1110764.63
58	01	461290.97	1110708.0
59	01	461347.53	1110651.5
60	01	461404.13	1110594.88
61	01	461460.69	1110538.38
62	01	461517.25	1110481.75
63	01	461573.81	1110425.13
64	01	461630.38	1110368.63
65	01	461686.97	1110312.0
66	01	461743.53	1110255.5
67	01	461800.09	1110198.88
68	01	461856.66	1110142.38
69	01	461913.22	1110085.75
70	01	461969.81	1110029.25
71	01	462026.38	1109972.63
72	01	462082.94	1109916.13
73	01	462139.5	1109859.5
74	01	462196.06	1109802.88
75	01	462252.63	1109746.38
76	01	462309.22	1109689.75
77	01	462365.78	1109633.25
78	01	462422.34	1109576.63
79	01	462478.91	1109520.13
80	01	462535.47	1109463.5
81	01	462592.06	1109407.0
82	01	462648.63	1109350.38
83	01	462705.19	1109293.75
84	01	462761.75	1109237.25
85	01	462818.31	1109180.63
86	01	462874.91	1109124.13
87	01	462931.47	1109067.5
88	01	462988.03	1109011.0
89	01	463044.59	1108954.38
90	01	463101.16	1108897.88
91	01	463157.75	1108841.25
92	01	463214.31	1108784.75
93	01	463270.88	1108728.13
94	01	463327.44	1108671.5
95	01	463384.0	1108615.0
96	01	463440.59	1108558.38
97	01	463497.16	1108501.88
98	01	463553.72	1108445.25
99	01	463610.28	1108388.75
0	02	459500.0	1116500.0
1	02	459627.28	1116372.75
2	02	459754.56	1116245.5
3	02	459881.84	1116118.13
4	02	460009.13	1115990.88
5	02	460136.41	1115863.63
6	02	460263.69	1115736.38
7	02	460390.97	1115609.0
8	02	460518.22	1115481.75
9	02	460645.5	1115354.5
10	02	460772.78	1115227.25
11	02	460900.06	1115099.88
12	02	461027.34	1114972.63
13	02	461154.63	1114845.38
14	02	461281.91	1114718.13
15	02	461409.19	1114590.75
16	02	461536.47	1114463.5
17	02	461663.75	1114336.25
18	02	461791.03	1114209.0
19	02	461918.31	1114081.75
20	02	462045.59	1113954.38
21	02	462172.88	1113827.13
22	02	462300.16	1113699.88
23	02	462427.44	1113572.63
24	02	462554.69	1113445.25
25	02	462681.97	1113318.0
26	02	462809.25	1113190.75
27	02	462936.53	1113063.5
28	02	463063.81	1112936.13
29	02	463191.09	1112808.88
30	02	463318.38	1112681.63
31	02	463445.66	1112554.38
32	02	463572.94	1112427.13
33	02	463700.22	1112299.75
34	02	463827.5	1112172.5
35	02	463954.78	1112045.25
36	02	464082.06	1111918.0
37	02	464209.34	1111790.63
38	02	464336.63	1111663.38
39	02	464463.88	1111536.13
40	02	464591.16	1111408.88
41	02	464718.44	1111281.5
42	02	464845.72	1111154.25
43	02	464973.0	1111027.0
44	02	465100.28	1110899.75
45	02	465227.56	1110772.38
46	02	465354.84	1110645.13
47	02	465482.13	1110517.88
48	02	465609.41	1110390.63
49	02	465736.69	1110263.38
50	02	465863.97	1110136.0
51	02	465991.25	1110008.75
52	02	466118.53	1109881.5
53	02	466245.81	1109754.25
54	02	466373.06	1109626.88
55	02	466500.34	1109499.63
56	02	466627.63	1109372.38
57	02	466754.91	1109245.13
58	02	466882.19	1109117.75
59	02	467009.47	1108990.5
60	02	467136.75	1108863.25
61	02	467264.03	1108736.0
62	02	467391.31	1108608.75
63	02	467518.59	1108481.38
64	02	467645.88	1108354.13
65	02	467773.16	1108226.88
66	02	467900.44	1108099.63
67	02	468027.72	1107972.25
68	02	468155.0	1107845.0
69	02	468282.25	1107717.75
70	02	468409.53	1107590.5
71	02	468536.81	1107463.13
72	02	468664.09	1107335.88
73	02	468791.38	1107208.63
74	02	468918.66	1107081.38
75	02	469045.94	1106954.0
76	02	469173.22	1106826.75
77	02	469300.5	1106699.5
78	02	469427.78	1106572.25
79	02	469555.06	1106445.0
80	02	469682.34	1106317.63
81	02	469809.63	1106190.38
82	02	469936.91	1106063.13
83	02	470064.19	1105935.88
84	02	470191.47	1105808.5
85	02	470318.72	1105681.25
86	02	470446.0	1105554.0
87	02	470573.28	1105426.75
88	02	470700.56	1105299.38
89	02	470827.84	1105172.13
90	02	470955.13	1105044.88
91	02	471082.41	1104917.63
92	02	471209.69	1104790.25
93	02	471336.97	1104663.0
94	02	471464.25	1104535.75
95	02	471591.53	1104408.5
96	02	471718.81	1104281.25
97	02	471846.09	1104153.88
98	02	471973.38	1104026.63
99	02	472100.66	1103899.38
0	03	462000.0	1118000.0
1	03	462127.28	1117872.75
2	03	462254.56	1117745.5
3	03	462381.84	1117618.13
4	03	462509.13	1117490.88
5	03	462636.41	1117363.63
6	03	462763.69	1117236.38
7	03	462890.97	1117109.0
8	03	463018.22	1116981.75
9	03	463145.5	1116854.5
10	03	463272.78	1116727.25
11	03	463400.06	1116599.88
12	03	463527.34	1116472.63
13	03	463654.63	1116345.38
14	03	463781.91	1116218.13
15	03	463909.19	1116090.75
16	03	464036.47	1115963.5
17	03	464163.75	1115836.25
18	03	464291.03	1115709.0
19	03	464418.31	1115581.75
20	03	464545.59	1115454.38
21	03	464672.88	1115327.13
22	03	464800.16	1115199.88
23	03	464927.44	1115072.63
24	03	465054.69	1114945.25
25	03	465181.97	1114818.0
26	03	465309.25	1114690.75
27	03	465436.53	1114563.5
28	03	465563.81	1114436.13
29	03	465691.09	1114308.88
30	03	465818.38	1114181.63
31	03	465945.66	1114054.38
32	03	466072.94	1113927.13
33	03	466200.22	1113799.75
34	03	466327.5	1113672.5
35	03	466454.78	1113545.25
36	03	466582.06	1113418.0
37	03	466709.34	1113290.63
38	03	466836.63	1113163.38
39	03	466963.88	1113036.13
40	03	467091.16	1112908.88
41	03	467218.44	1112781.5
42	03	467345.72	1112654.25
43	03	467473.0	1112527.0
44	03	467600.28	1112399.75
45	03	467727.56	1112272.38
46	03	467854.84	1112145.13
47	03	467982.13	1112017.88
48	03	468109.41	1111890.63
49	03	468236.69	1111763.38
50	03	468363.97	1111636.0
51	03	468491.25	1111508.75
52	03	468618.53	1111381.5
53	03	468745.81	1111254.25
54	03	468873.06	1111126.88
55	03	469000.34	1110999.63
56	03	469127.63	1110872.38
57	03	469254.91	1110745.13
58	03	469382.19	1110617.75
59	03	469509.47	1110490.5
60	03	469636.75	1110363.25
61	03	469764.03	1110236.0
62	03	469891.31	1110108.75
63	03	470018.59	1109981.38
64	03	470145.88	1109854.13
65	03	470273.16	1109726.88
66	03	470400.44	1109599.63
67	03	470527.72	1109472.25
68	03	470655.0	1109345.0
69	03	470782.25	1109217.75
70	03	470909.53	1109090.5
71	03	471036.81	1108963.13
72	03	471164.09	1108835.88
73	03	471291.38	1108708.63
74	03	471418.66	1108581.38
75	03	471545.94	1108454.0
76	03	471673.22	1108326.75
77	03	471800.5	1108199.5
78	03	471927.78	1108072.25
79	03	472055.06	1107945.0
80	03	472182.34	1107817.63
81	03	472309.63	1107690.38
82	03	472436.91	1107563.13
83	03	472564.19	1107435.88
84	03	472691.47	1107308.5
85	03	472818.72	1107181.25
86	03	472946.0	1107054.0
87	03	473073.28	1106926.75
88	03	473200.56	1106799.38
89	03	473327.84	1106672.13
90	03	473455.13	1106544.88
91	03	473582.41	1106417.63
92	03	473709.69	1106290.25
93	03	473836.97	1106163.0
94	03	473964.25	1106035.75
95	03	474091.53	1105908.5
96	03	474218.81	1105781.25
97	03	474346.09	1105653.88
98	03	474473.38	1105526.63
99	03	474600.66	1105399.38
0	04	468910.0	1115089.0
1	04	468986.38	1115012.63
2	04	469062.75	1114936.25
3	04	469139.09	1114859.88
4	04	469215.47	1114783.5
5	04	469291.84	1114707.13
6	04	469368.22	1114630.75
7	04	469444.56	1114554.38
8	04	469520.94	1114478.0
9	04	469597.31	1114401.75
10	04	469673.69	1114325.38
11	04	469750.03	1114249.0
12	04	469826.41	1114172.63
13	04	469902.78	1114096.25
14	04	469979.16	1114019.88
15	04	470055.5	1113943.5
16	04	470131.88	1113867.13
17	04	470208.25	1113790.75
18	04	470284.63	1113714.38
19	04	470360.97	1113638.0
20	04	470437.34	1113561.63
21	04	470513.72	1113485.25
22	04	470590.09	1113408.88
23	04	470666.47	1113332.5
24	04	470742.81	1113256.13
25	04	470819.19	1113179.75
26	04	470895.56	1113103.5
27	04	470971.94	1113027.13
28	04	471048.28	1112950.75
29	04	471124.66	1112874.38
30	04	471201.03	1112798.0
31	04	471277.41	1112721.63
32	04	471353.75	1112645.25
33	04	471430.13	1112568.88
34	04	471506.5	1112492.5
35	04	471582.88	1112416.13
36	04	471659.22	1112339.75
37	04	471735.59	1112263.38
38	04	471811.97	1112187.0
39	04	471888.34	1112110.63
40	04	471964.69	1112034.25
41	04	472041.06	1111957.88
42	04	472117.44	1111881.63
43	04	472193.81	1111805.25
44	04	472270.16	1111728.88
45	04	472346.53	1111652.5
46	04	472422.91	1111576.13
47	04	472499.28	1111499.75
48	04	472575.66	1111423.38
49	04	472652.0	1111347.0
50	04	472728.38	1111270.63
51	04	472804.75	1111194.25
52	04	472881.13	1111117.88
53	04	472957.47	1111041.5
54	04	473033.84	1110965.13
55	04	473110.22	1110888.75
56	04	473186.59	1110812.38
57	04	473262.94	1110736.0
58	04	473339.31	1110659.63
59	04	473415.69	1110583.38
60	04	473492.06	1110507.0
61	04	473568.41	1110430.63
62	04	473644.78	1110354.25
63	04	473721.16	1110277.88
64	04	473797.53	1110201.5
65	04	473873.88	1110125.13
66	04	473950.25	1110048.75
67	04	474026.63	1109972.38
68	04	474103.0	1109896.0
69	04	474179.38	1109819.63
70	04	474255.72	1109743.25
71	04	474332.09	1109666.88
72	04	474408.47	1109590.5
73	04	474484.84	1109514.13
74	04	474561.19	1109437.75
75	04	474637.56	1109361.38
76	04	474713.94	1109285.13
77	04	474790.31	1109208.75
78	04	474866.66	1109132.38
79	04	474943.03	1109056.0
80	04	475019.41	1108979.63
81	04	475095.78	1108903.25
82	04	475172.13	1108826.88
83	04	475248.5	1108750.5
84	04	475324.88	1108674.13
85	04	475401.25	1108597.75
86	04	475477.59	1108521.38
87	04	475553.97	1108445.0
88	04	475630.34	1108368.63
89	04	475706.72	1108292.25
90	04	475783.06	1108215.88
91	04	475859.44	1108139.5
92	04	475935.81	1108063.13
93	04	476012.19	1107986.88
94	04	476088.56	1107910.5
95	04	476164.91	1107834.13
96	04	476241.28	1107757.75
97	04	476317.66	1107681.38
0	05	466000.0	1103185.0
1	05	466112.31	1103268.63
2	05	466224.66	1103352.13
3	05	466336.97	1103435.75
4	05	466449.28	1103519.25
5	05	466561.59	1103602.88
6	05	466673.94	1103686.38
7	05	466786.25	1103770.0
8	05	466898.56	1103853.5
9	05	467010.91	1103937.13
10	05	467123.22	1104020.75
11	05	467235.53	1104104.25
12	05	467347.84	1104187.88
13	05	467460.19	1104271.38
14	05	467572.5	1104355.0
15	05	467684.81	1104438.5
16	05	467797.16	1104522.13
17	05	467909.47	1104605.63
18	05	468021.78	1104689.25
19	05	468134.13	1104772.88
20	05	468246.44	1104856.38
21	05	468358.75	1104940.0
22	05	468471.06	1105023.5
23	05	468583.41	1105107.13
24	05	468695.72	1105190.63
25	05	468808.03	1105274.25
26	05	468920.38	1105357.75
27	05	469032.69	1105441.38
28	05	469145.0	1105525.0
29	05	469257.31	1105608.5
30	05	469369.66	1105692.13
31	05	469481.97	1105775.63
32	05	469594.28	1105859.25
33	05	469706.63	1105942.75
34	05	469818.94	1106026.38
35	05	469931.25	1106109.88
36	05	470043.56	1106193.5
37	05	470155.91	1106277.13
38	05	470268.22	1106360.63
39	05	470380.53	1106444.25
40	05	470492.88	1106527.75
41	05	470605.19	1106611.38
42	05	470717.5	1106694.88
43	05	470829.81	1106778.5
44	05	470942.16	1106862.0
45	05	471054.47	1106945.63
46	05	471166.78	1107029.25
47	05	471279.13	1107112.75
48	05	471391.44	1107196.38
49	05	471503.75	1107279.88
50	05	471616.06	1107363.5
51	05	471728.41	1107447.0
52	05	471840.72	1107530.63
53	05	471953.03	1107614.13
54	05	472065.38	1107697.75
55	05	472177.69	1107781.38
56	05	472290.0	1107864.88
57	05	472402.34	1107948.5
58	05	472514.66	1108032.0
59	05	472626.97	1108115.63
60	05	472739.28	1108199.13
61	05	472851.63	1108282.75
62	05	472963.94	1108366.25
63	05	473076.25	1108449.88
64	05	473188.59	1108533.5
65	05	473300.91	1108617.0
66	05	473413.22	1108700.63
67	05	473525.53	1108784.13
68	05	473637.88	1108867.75
69	05	473750.19	1108951.25
70	05	473862.5	1109034.88
71	05	473974.84	1109118.38
72	05	474087.16	1109202.0
73	05	474199.47	1109285.63
74	05	474311.78	1109369.13
75	05	474424.13	1109452.75
76	05	474536.44	1109536.25
77	05	474648.75	1109619.88
78	05	474761.09	1109703.38
79	05	474873.41	1109787.0
80	05	474985.72	1109870.5
81	05	475098.06	1109954.13
82	05	475210.38	1110037.75
83	05	475322.69	1110121.25
84	05	475435.0	1110204.88
85	05	475547.34	1110288.38
86	05	475659.66	1110372.0
87	05	475771.97	1110455.5
88	05	475884.31	1110539.13
89	05	475996.63	1110622.75
90	05	476108.94	1110706.25
91	05	476221.25	1110789.88
92	05	476333.59	1110873.38
93	05	476445.91	1110957.0
94	05	476558.22	1111040.5
95	05	476670.56	1111124.13
96	05	476782.88	1111207.63
97	05	476895.19	1111291.25
98	05	477007.5	1111374.88
99	05	477119.84	1111458.38
0	06	462000.0	1103039.0
1	06	462128.38	1103134.5
2	06	462256.75	1103230.0
3	06	462385.09	1103325.5
4	06	462513.47	1103421.0
5	06	462641.84	1103516.5
6	06	462770.22	1103612.0
7	06	462898.56	1103707.5
8	06	463026.94	1103803.13
9	06	463155.31	1103898.63
10	06	463283.69	1103994.13
11	06	463412.03	1104089.63
12	06	463540.41	1104185.13
13	06	463668.78	1104280.63
14	06	463797.16	1104376.13
15	06	463925.5	1104471.63
16	06	464053.88	1104567.13
17	06	464182.25	1104662.63
18	06	464310.63	1104758.13
19	06	464438.97	1104853.63
20	06	464567.34	1104949.13
21	06	464695.72	1105044.63
22	06	464824.09	1105140.13
23	06	464952.44	1105235.63
24	06	465080.81	1105331.25
25	06	465209.19	1105426.75
26	06	465337.56	1105522.25
27	06	465465.94	1105617.75
28	06	465594.28	1105713.25
29	06	465722.66	1105808.75
30	06	465851.03	1105904.25
31	06	465979.41	1105999.75
32	06	466107.75	1106095.25
33	06	466236.13	1106190.75
34	06	466364.5	1106286.25
35	06	466492.88	1106381.75
36	06	466621.22	1106477.25
37	06	466749.59	1106572.75
38	06	466877.97	1106668.25
39	06	467006.34	1106763.88
40	06	467134.69	1106859.38
41	06	467263.06	1106954.88
42	06	467391.44	1107050.38
43	06	467519.81	1107145.88
44	06	467648.16	1107241.38
45	06	467776.53	1107336.88
46	06	467904.91	1107432.38
47	06	468033.28	1107527.88
48	06	468161.63	1107623.38
49	06	468290.0	1107718.88
50	06	468418.38	1107814.38
51	06	468546.75	1107909.88
52	06	468675.13	1108005.38
53	06	468803.47	1108100.88
54	06	468931.84	1108196.38
55	06	469060.22	1108292.0
56	06	469188.59	1108387.5
57	06	469316.94	1108483.0
58	06	469445.31	1108578.5
59	06	469573.69	1108674.0
60	06	469702.06	1108769.5
61	06	469830.41	1108865.0
62	06	469958.78	1108960.5
63	06	470087.16	1109056.0
64	06	470215.53	1109151.5
65	06	470343.88	1109247.0
66	06	470472.25	1109342.5
67	06	470600.63	1109438.0
68	06	470729.0	1109533.5
69	06	470857.34	1109629.0
70	06	470985.72	1109724.5
71	06	471114.09	1109820.13
72	06	471242.47	1109915.63
73	06	471370.81	1110011.13
74	06	471499.19	1110106.63
75	06	471627.56	1110202.13
76	06	471755.94	1110297.63
77	06	471884.31	1110393.13
78	06	472012.66	1110488.63
79	06	472141.03	1110584.13
80	06	472269.41	1110679.63
81	06	472397.78	1110775.13
82	06	472526.13	1110870.63
83	06	472654.5	1110966.13
84	06	472782.88	1111061.63
85	06	472911.25	1111157.13
86	06	473039.59	1111252.75
87	06	473167.97	1111348.25
88	06	473296.34	1111443.75
89	06	473424.72	1111539.25
90	06	473553.06	1111634.75
91	06	473681.44	1111730.25
92	06	473809.81	1111825.75
93	06	473938.19	1111921.25
94	06	474066.53	1112016.75
95	06	474194.91	1112112.25
96	06	474323.28	1112207.75
97	06	474451.66	1112303.25
98	06	474580.0	1112398.75
99	06	474708.38	1112494.25
0	07	465000.0	1109364.0
1	07	465057.75	1109407.0
2	07	465115.53	1109450.0
3	07	465173.28	1109492.88
4	07	465231.06	1109535.88
5	07	465288.81	1109578.88
6	07	465346.59	1109621.88
7	07	465404.34	1109664.88
8	07	465462.13	1109707.88
9	07	465519.88	1109750.75
10	07	465577.66	1109793.75
11	07	465635.41	1109836.75
12	07	465693.19	1109879.75
13	07	465750.94	1109922.75
14	07	465808.72	1109965.75
15	07	465866.47	1110008.63
16	07	465924.25	1110051.63
17	07	465982.0	1110094.63
18	07	466039.78	1110137.63
19	07	466097.53	1110180.63
20	07	466155.31	1110223.63
21	07	466213.06	1110266.5
22	07	466270.84	1110309.5
23	07	466328.59	1110352.5
24	07	466386.38	1110395.5
25	07	466444.13	1110438.5
26	07	466501.91	1110481.5
27	07	466559.66	1110524.38
28	07	466617.44	1110567.38
29	07	466675.19	1110610.38
30	07	466732.97	1110653.38
31	07	466790.72	1110696.38
32	07	466848.5	1110739.38
33	07	466906.25	1110782.25
34	07	466964.03	1110825.25
35	07	467021.78	1110868.25
36	07	467079.56	1110911.25
37	07	467137.31	1110954.25
38	07	467195.09	1110997.13
39	07	467252.84	1111040.13
40	07	467310.63	1111083.13
41	07	467368.38	1111126.13
42	07	467426.16	1111169.13
43	07	467483.91	1111212.13
44	07	467541.69	1111255.0
45	07	467599.44	1111298.0
46	07	467657.22	1111341.0
47	07	467714.97	1111384.0
48	07	467772.75	1111427.0
49	07	467830.5	1111470.0
50	07	467888.28	1111512.88
51	07	467946.03	1111555.88
52	07	468003.81	1111598.88
53	07	468061.56	1111641.88
54	07	468119.34	1111684.88
55	07	468177.09	1111727.88
56	07	468234.88	1111770.75
57	07	468292.63	1111813.75
58	07	468350.41	1111856.75
59	07	468408.16	1111899.75
60	07	468465.94	1111942.75
61	07	468523.69	1111985.75
62	07	468581.47	1112028.63
63	07	468639.22	1112071.63
64	07	468696.97	1112114.63
65	07	468754.75	1112157.63
66	07	468812.5	1112200.63
67	07	468870.28	1112243.63
68	07	468928.03	1112286.5
69	07	468985.81	1112329.5
70	07	469043.56	1112372.5
71	07	469101.34	1112415.5
72	07	469159.09	1112458.5
73	07	469216.88	1112501.5
74	07	469274.63	1112544.38
75	07	469332.41	1112587.38
76	07	469390.16	1112630.38
77	07	469447.94	1112673.38
78	07	469505.69	1112716.38
79	07	469563.47	1112759.25
80	07	469621.22	1112802.25
81	07	469679.0	1112845.25
82	07	469736.75	1112888.25
83	07	469794.53	1112931.25
84	07	469852.28	1112974.25
85	07	469910.06	1113017.13
86	07	469967.81	1113060.13
87	07	470025.59	1113103.13
88	07	470083.34	1113146.13
0	08	460000.0	1108628.0
1	08	460112.31	1108711.63
2	08	460224.66	1108795.13
3	08	460336.97	1108878.75
4	08	460449.28	1108962.25
5	08	460561.59	1109045.88
6	08	460673.94	1109129.38
7	08	460786.25	1109213.0
8	08	460898.56	1109296.5
9	08	461010.91	1109380.13
10	08	461123.22	1109463.75
11	08	461235.53	1109547.25
12	08	461347.84	1109630.88
13	08	461460.19	1109714.38
14	08	461572.5	1109798.0
15	08	461684.81	1109881.5
16	08	461797.16	1109965.13
17	08	461909.47	1110048.63
18	08	462021.78	1110132.25
19	08	462134.13	1110215.88
20	08	462246.44	1110299.38
21	08	462358.75	1110383.0
22	08	462471.06	1110466.5
23	08	462583.41	1110550.13
24	08	462695.72	1110633.63
25	08	462808.03	1110717.25
26	08	462920.38	1110800.75
27	08	463032.69	1110884.38
28	08	463145.0	1110968.0
29	08	463257.31	1111051.5
30	08	463369.66	1111135.13
31	08	463481.97	1111218.63
32	08	463594.28	1111302.25
33	08	463706.63	1111385.75
34	08	463818.94	1111469.38
35	08	463931.25	1111552.88
36	08	464043.56	1111636.5
37	08	464155.91	1111720.13
38	08	464268.22	1111803.63
39	08	464380.53	1111887.25
40	08	464492.88	1111970.75
41	08	464605.19	1112054.38
42	08	464717.5	1112137.88
43	08	464829.81	1112221.5
44	08	464942.16	1112305.0
45	08	465054.47	1112388.63
46	08	465166.78	1112472.25
47	08	465279.13	1112555.75
48	08	465391.44	1112639.38
49	08	465503.75	1112722.88
50	08	465616.06	1112806.5
51	08	465728.41	1112890.0
52	08	465840.72	1112973.63
53	08	465953.03	1113057.13
54	08	466065.38	1113140.75
55	08	466177.69	1113224.38
56	08	466290.0	1113307.88
57	08	466402.34	1113391.5
58	08	466514.66	1113475.0
59	08	466626.97	1113558.63
60	08	466739.28	1113642.13
61	08	466851.63	1113725.75
62	08	466963.94	1113809.25
63	08	467076.25	1113892.88
64	08	467188.59	1113976.5
65	08	467300.91	1114060.0
66	08	467413.22	1114143.63
67	08	467525.53	1114227.13
68	08	467637.88	1114310.75
69	08	467750.19	1114394.25
70	08	467862.5	1114477.88
71	08	467974.84	1114561.38
72	08	468087.16	1114645.0
73	08	468199.47	1114728.63
74	08	468311.78	1114812.13
75	08	468424.13	1114895.75
76	08	468536.44	1114979.25
77	08	468648.75	1115062.88
78	08	468761.09	1115146.38
79	08	468873.41	1115230.0
80	08	468985.72	1115313.5
81	08	469098.06	1115397.13
82	08	469210.38	1115480.75
83	08	469322.69	1115564.25
84	08	469435.0	1115647.88
85	08	469547.34	1115731.38
86	08	469659.66	1115815.0
87	08	469771.97	1115898.5
88	08	469884.31	1115982.13
89	08	469996.63	1116065.75
90	08	470108.94	1116149.25
91	08	470221.25	1116232.88
92	08	470333.59	1116316.38
93	08	470445.91	1116400.0
94	08	470558.22	1116483.5
0	09	458100.0	1111829.0
1	09	458186.66	1111893.5
2	09	458273.28	1111957.88
3	09	458359.94	1112022.38
4	09	458446.59	1112086.88
5	09	458533.25	1112151.38
6	09	458619.88	1112215.75
7	09	458706.53	1112280.25
8	09	458793.19	1112344.75
9	09	458879.84	1112409.25
10	09	458966.47	1112473.63
11	09	459053.13	1112538.13
12	09	459139.78	1112602.63
13	09	459226.44	1112667.13
14	09	459313.06	1112731.5
15	09	459399.72	1112796.0
16	09	459486.38	1112860.5
17	09	459573.03	1112925.0
18	09	459659.66	1112989.38
19	09	459746.31	1113053.88
20	09	459832.97	1113118.38
21	09	459919.63	1113182.88
22	09	460006.25	1113247.25
23	09	460092.91	1113311.75
24	09	460179.56	1113376.25
25	09	460266.19	1113440.75
26	09	460352.84	1113505.13
27	09	460439.5	1113569.63
28	09	460526.16	1113634.13
29	09	460612.78	1113698.63
30	09	460699.44	1113763.0
31	09	460786.09	1113827.5
32	09	460872.75	1113892.0
33	09	460959.38	1113956.5
34	09	461046.03	1114020.88
35	09	461132.69	1114085.38
36	09	461219.34	1114149.88
37	09	461305.97	1114214.38
38	09	461392.63	1114278.75
39	09	461479.28	1114343.25
40	09	461565.94	1114407.75
41	09	461652.56	1114472.13
42	09	461739.22	1114536.63
43	09	461825.88	1114601.13
44	09	461912.5	1114665.63
45	09	461999.16	1114730.0
46	09	462085.81	1114794.5
47	09	462172.47	1114859.0
48	09	462259.09	1114923.5
49	09	462345.75	1114987.88
50	09	462432.41	1115052.38
51	09	462519.06	1115116.88
52	09	462605.69	1115181.38
53	09	462692.34	1115245.75
54	09	462779.0	1115310.25
55	09	462865.66	1115374.75
56	09	462952.28	1115439.25
57	09	463038.94	1115503.63
58	09	463125.59	1115568.13
59	09	463212.25	1115632.63
60	09	463298.88	1115697.13
61	09	463385.53	1115761.5
62	09	463472.19	1115826.0
63	09	463558.81	1115890.5
64	09	463645.47	1115955.0
65	09	463732.13	1116019.38
66	09	463818.78	1116083.88
67	09	463905.41	1116148.38
68	09	463992.06	1116212.88
69	09	464078.72	1116277.25
70	09	464165.38	1116341.75
71	09	464252.0	1116406.25
72	09	464338.66	1116470.75
73	09	464425.31	1116535.13
74	09	464511.97	1116599.63
75	09	464598.59	1116664.13
76	09	464685.25	1116728.5
77	09	464771.91	1116793.0
78	09	464858.56	1116857.5
79	09	464945.19	1116922.0
80	09	465031.84	1116986.38
81	09	465118.5	1117050.88
82	09	465205.16	1117115.38
83	09	465291.78	1117179.88
84	09	465378.44	1117244.25
85	09	465465.09	1117308.75
86	09	465551.72	1117373.25
87	09	465638.38	1117437.75
88	09	465725.03	1117502.13
89	09	465811.69	1117566.63
90	09	465898.31	1117631.13
91	09	465984.97	1117695.63
92	09	466071.63	1117760.0
93	09	466158.28	1117824.5
94	09	466244.91	1117889.0
95	09	466331.56	1117953.5
96	09	466418.22	1118017.88
