# Espesor 200 m
474153.644075301708654 1113106.359751688782126
474921.513078848598525 1113366.194212484639138
475433.425747879897244 1113645.419304683571681
475867.775891300349031 1113862.594376393826678
476209.051003987842705 1114064.256942981854081
476352.541676367807668 1114079.769448104081675
476717.085546738584526 1114103.038205787306651
477011.823144059570041 1114009.963175054406747
477438.417034918966237 1114002.206922493176535
477616.810843823826872 1113963.425659687956795
477872.767178339418024 1114009.963175054406747
478252.823553832364269 1114118.550710909534246
478384.679847370716743 1114219.381994203431532
478656.148687008477282 1114405.532055669464171
478881.080011279787868 1114614.950874818488955
479206.842618845170364 1114956.225987506099045
479683.852151351573411 1115413.844888609834015
479963.077243550447747 1115607.751202636864036
480149.227305016363971 1115747.363748736213893
480420.69614465412451 1115956.782567885471508
480583.577448436815757 1116034.345093496143818
480606.846206120040733 1113083.090994005324319
480471.11178630113136 1112968.686268729390576
480215.155451785540208 1112650.679913725238293
479982.467874953115825 1112317.161053598625585
479703.242782754241489 1112053.448466521920636
479338.698912383522838 1111588.073312857188284
478927.617526646296028 1111161.479421997908503
478578.586161397688556 1110711.616773455170915
478210.164164746413007 1110442.086996957659721
477791.326526448130608 1110155.105652197729796
477302.682615100056864 1109906.905570243252441
477038.970028023351915 1109666.461740849772468
476790.769946068816353 1109511.336689628195018
476465.007338503492065 1109418.261658895062283
476131.48847837705398 1109340.699133284389973
475836.750881056010257 1109294.161617917940021
475479.963263246347196 1109022.692778280004859
474789.65678531024605 1108565.07387717650272
474246.719106034666765 1108138.479986316990107
474091.594054813089315 1108037.648703022859991
473851.150225419609342 1107874.767399240285158
473564.168880659679417 1107797.204873629380018
473315.968798705085646 1107742.911105701932684
472943.668675773253199 1107820.473631312837824
472726.493604063056409 1107905.792409484507516
472486.049774669576436 1107983.354935095412657
472222.337187592871487 1107998.867440217640251
471966.380853077222127 1108045.404955584090203
471679.399508317292202 1107944.573672289960086
471369.149405874079093 1107797.204873629380018
471055.021177150367294 1107665.348580091027543
470419.008467141829897 1107517.979781430680305
469899.339545549475588 1107378.367235331097618
469565.820685423037503 1107293.048457159427926
469030.639258708572015 1107215.485931548522785
468704.87665114318952 1107161.192163620842621
468448.920316627598368 1107184.460921304300427
468185.207729550893418 1107215.485931548522785
468022.326425768202171 1107603.298559602582827
467929.251395035244059 1107770.057989666005597
467960.276405279524624 1108134.601860036840662
467882.713879668735899 1108150.114365158835426
467882.713879668735899 1108506.90198296867311
467797.395101496833377 1108747.345812362153083
467820.66385918011656 1108910.227116144727916
467921.495142474130262 1109166.183450660435483
467991.301415523863398 1109375.602269809460267
468084.376446256821509 1109670.339867130620405
468130.913961623271462 1109817.708665790967643
468208.476487234060187 1110042.639990062452853
468379.114043577865232 1110290.840072016930208
468580.776610165892635 1110383.915102749830112
468937.564227975555696 1110407.183860433055088
469193.520562491205055 1110461.477628360735252
469379.670623957121279 1110694.165205192985013
469635.626958472770639 1110794.99648848711513
470093.245859576447401 1110787.240235926117748
470733.136695865541697 1110787.240235926117748
471136.461829041712917 1110763.971478242892772
471384.66191099624848 1110763.971478242892772
471469.980689168092795 1110841.534003853565082
471694.912013439403381 1111012.171560197370127
471958.62460051610833 1111244.859137029619887
472152.530914543138351 1111462.034208739874884
472261.11845039826585 1111686.965533011360094
472579.124805402534548 1111966.190625210059807
472842.837392479239497 1112198.878202042542398
473222.893767972127534 1112439.322031436022371
473463.337597365607508 1112648.740850585047156
473595.193890903959982 1112834.890912051079795
473944.225256152567454 1112990.015963272657245
474153.644075301708654 1113106.359751688782126

