# Espesor 300 m
473897.687740786059294 1108981.972452334593982
473696.025174197973683 1108857.872411357471719
473463.3375973655493 1108687.234855013666674
473122.062484678055625 1108578.647319158539176
472881.61865528463386 1108617.428581963991746
472656.687331013323274 1108679.478602452669293
472315.412218325829599 1108834.603653674246743
472098.237146615574602 1109028.509967701276764
471989.649610760447104 1109416.322595755103976
472043.943378688010853 1109749.841455881716684
472059.455883810180239 1110091.116568569093943
472268.874702959321439 1110385.85416589025408
472486.049774669576436 1110758.154288822086528
472718.737351501942612 1111099.429401509463787
472935.912423212197609 1111425.192009074846283
473129.818737239169423 1111657.879585907328874
473451.703218523995019 1111842.090584232937545
473816.24708889471367 1112059.265655943192542
473940.347129872010555 1112268.684475092217326
474297.134747681673616 1112524.640809607924893
474669.434870613506064 1112757.328386440174654
475119.297519156127237 1112842.647164612077177
475522.622652332298458 1112912.453437661984935
476073.316584168933332 1113067.578488883562386
476228.441635390510783 1113152.897267055232078
476887.723103082331363 1113160.65351961646229
477221.24196320871124 1113207.191034982912242
477360.854509308177512 1113207.191034982912242
477647.835854068107437 1113331.291075960267335
478183.017280782631133 1113540.70989510929212
478737.589338899822906 1113911.07095490093343
479226.233250247838441 1114159.271036855410784
479513.214595007768366 1114360.933603443438187
479784.683434645587113 1114539.327412348240614
480125.958547333080787 1114795.283746863948181
480381.914881848730147 1115027.971323696430773
480521.527427948138211 1115074.508839062880725
480599.089953558926936 1115082.265091623878106
480637.871216364379507 1114120.489774049958214
480428.452397215180099 1114004.145985633833334
480265.571093432547059 1113810.239671606803313
480009.614758916897699 1113531.01457940787077
479815.708444889925886 1113214.947287543909624
479536.48335269105155 1112873.672174856532365
479354.211417505634017 1112602.203335218597203
479020.69255737925414 1112330.734495580894873
478663.904939569532871 1111973.946877771290019
478307.11732175986981 1111617.159259961452335
478120.967260293953586 1111376.715430567972362
477570.273328457318712 1111058.709075563820079
477283.291983697388787 1110934.609034586464986
477120.410679914697539 1110888.071519220015034
476748.110556982865091 1110639.871437265537679
476476.641717345104553 1110570.065164215862751
476236.19788795162458 1110601.090174460085109
475906.557154105743393 1110632.115184704540297
475503.232020929572172 1110593.333921899087727
475332.594464585825335 1110554.552659093635157
475270.544444097205997 1110414.9401129942853
475099.906887753400952 1110143.471273356350139
474890.488068604259752 1109864.246181157650426
474743.119269943737891 1109670.339867130620405
474541.456703355710488 1109507.458563347812742
473897.687740786059294 1108981.972452334593982

