# Espesor 100m Barquisimeto
458844.740582870610524 1111782.949158455710858
458906.790603359229863 1112279.349322364665568
459015.378139214357361 1112543.061909441370517
459457.484535195922945 1112884.337022128980607
459915.103436299599707 1113062.730831033783033
460077.984740082290955 1113155.805861766682938
460349.453579720109701 1113528.105984698515385
460900.147511556744576 1113815.087329458445311
461474.110201076662634 1113853.868592263897881
461947.241607302508783 1113613.424762870417908
462187.685436695988756 1113132.537104083457962
462366.079245600791182 1112682.674455540953204
462381.591750722960569 1112294.861827486893162
462369.957371881348081 1111786.827284736093134
462451.398023772693705 1111406.770909243263304
462734.501242252124939 1111081.008301677880809
462876.052851491782349 1111011.202028628205881
462988.518513627466746 1110848.320724845631048
463031.177902713418007 1110604.968300741631538
462973.006008505297359 1110383.915102750761434
462841.149714966944885 1110162.861904759891331
462507.6308548405068 1109792.500844968250021
462088.7932165422244 1109396.931964353192598
461859.983765990356915 1109222.416281728772447
461662.199325682828203 1109148.731882398482412
461181.311666895868257 1109106.072493312647566
460440.58954731276026 1109261.197544534225017
459928.676878281519748 1109187.513145203934982
459585.462702453718521 1109113.828745873644948
459251.943842327280436 1109133.219377276487648
459073.550033422478009 1109265.075670814840123
459015.378139214357361 1109268.953797095222399
458891.278098237118684 1109505.519500208320096
458805.959320065216161 1109773.110213565407321
458771.056183540378697 1110246.241619791369885
458740.031173296039924 1110644.719095116946846
458821.471825187385548 1111191.534900672966614
458844.740582870610524 1111782.949158455710858
