481678.115752    1112294.935
481130.789204    1112209.41523
480703.190339    1111696.29659
480617.670566    1111251.59377
480361.111247    1110789.787
480087.447973    1110464.81186
479745.36888    1109814.86158
479471.705607    1109506.9904
478496.780194    1109045.18363
477898.141782    1108925.45594
477316.607325    1108908.35199
476649.553095    1108018.94635
475640.419773    1107659.7633
475281.236726    1107351.89212
474751.014133    1106992.70907
473964.232221    1106633.52602
473399.801719    1106548.00625
472630.123761    1106616.42207
472288.044669    1106616.42207
471603.886485    1106719.0458
470492.129435    1106308.55089
469739.555432    1106034.88761
469021.189338    1106103.30343
467960.744152    1106120.40739
467498.937377    1106308.55089
467105.546421    1106359.86275
466677.947556    1107095.3328
466643.739647    1107967.63448
466917.402921    1108720.20849
467105.546421    1109609.61413
467122.650376    1110310.87627
467268.853699    1110822.7041
467932.745299    1111121.2036
468599.799528    1111206.54906
469187.543041    1111323.17222
470185.187885    1111488.46753
470805.848503    1111799.96616
471855.643757    1112724.28949
472499.50118    1112926.25811
472915.063341    1113150.41708
473331.385901    1113423.79601
474328.101111    1113879.50993
475136.672821    1113910.55521
475482.6112    1114044.32142
475640.419773    1114313.20165
475875.189295    1114728.3824
476343.205125    1115120.25014
477131.626455    1115151.52783
477359.031882    1115123.2654
477686.685271    1114922.96736
478053.854185    1114901.45558
478257.324829    1115012.94057
478759.548569    1115541.58185
479010.740061    1115730.20778
479222.123431    1115866.05874
479395.267009    1115995.65636
480155.863791    1116605.13156
480617.670566    1116878.79484
481438.660387    1117084.04229
481678.115752    1112294.935
