462350.647039    1109096.49549
461529.657217    1108720.20849
461033.642534    1108874.14408
460674.459487    1108959.66385
460110.028985    1108805.72826
459100.895662    1108822.83222
458485.153296    1109062.28758
457783.891157    1110293.77231
457390.500201    1111781.81636
457886.514885    1112790.94969
458553.569115    1113526.41973
458998.271935    1113936.91464
459699.534074    1114193.47396
460571.835759    1114621.07283
461084.954397    1114894.7361
461837.5284    1115099.98356
463086.117087    1115134.19147
463633.443635    1114894.7361
464283.39391    1114603.96887
464642.576957    1114603.96887
465172.79955    1114552.65701
466147.724963    1114655.28074
466558.219874    1114672.38469
467105.546421    1113440.89996
467002.922694    1112961.98923
466387.180328    1112859.3655
465771.437961    1112808.05364
465121.487686    1112944.88528
464522.849275    1112876.46946
464061.0425    1112534.39037
463667.651544    1112260.72709
463513.715953    1111901.54405
463462.404089    1111439.73727
463582.131771    1110704.26722
463342.676406    1109814.86158
462350.647039    1109096.49549
