# Espesor  100 m
478008.501598158327397 1109422.13978517614305
477550.882697054650635 1109267.0147339545656
477085.507543389860075 1109034.327157122315839
476829.551208874210715 1108863.689600778510794
476666.669905091519468 1108638.758276507258415
476558.082369236450177 1108468.12072016345337
476395.201065453758929 1108289.726911258650944
476205.172877707285807 1108198.590943665942177
475778.57898684788961 1108121.028418055037037
475181.347539644804783 1107826.29082073410973
474731.48489110218361 1107453.990697802277282
474421.234788658970501 1107252.328131214249879
473847.272099139052443 1107004.128049259539694
473381.896945474261884 1106934.321776209864765
473048.378085347882006 1106957.590533893089741
472869.984276443021372 1107019.640554381767288
472381.340365095005836 1107081.690574870444834
471807.377675575087778 1107174.765605603344738
471396.296289837860968 1107112.715585114667192
471202.389975810889155 1107042.909312064992264
470853.358610562281683 1106876.149882001802325
470500.449119033175521 1106710.359983508707955
469771.361378291680012 1106493.184911798452958
469073.298647794523276 1106388.475502223940566
468483.823453152435832 1106380.719249662943184
467927.312331894994713 1106512.575543201295659
467407.643410302640405 1106830.581898205447942
467174.955833470274229 1107148.588253209833056
467136.174570664821658 1107323.103935834020376
467105.149560420541093 1107920.335383037105203
467182.712086031329818 1108361.47224744851701
467322.324632130737882 1108947.069315809989348
467597.671598049113527 1109629.619541184976697
467682.990376220957842 1110106.629073691321537
467768.309154392860364 1110338.34711895394139
467993.240478664170951 1110656.353473958326504
468222.049929216038436 1110799.844146338291466
468485.762516292743385 1110912.309808474034071
468854.184512944018934 1111066.465328125283122
469222.606509595294483 1111233.224758188473061
469594.906632527126931 1111272.006020993925631
470118.45368039997993 1111260.371642152313143
470762.222642969631124 1111268.127894713310525
471138.400892181962263 1111240.981010749470443
471613.471361548115965 1111423.252945934887975
471811.255801855644677 1111729.624922097660601
471985.771484479948413 1112186.274291631532833
472016.796494724287186 1112298.739953767275438
472191.312177348590922 1112422.8399947443977
472664.443583574437071 1112721.455718345940113
472850.593645040353294 1112833.921380481682718
473273.309409619192593 1113073.395678304834291
473474.971976207278203 1113231.42932423716411
474074.142486550670583 1113567.856779073830694
474477.467619726783596 1113734.616209137253463
474853.645868939172942 1113726.859956576023251
475262.788191536150407 1113885.863134078215808
475631.210188187425956 1114064.256942983018234
475828.994628494954668 1114258.163257010048255
475844.507133617124055 1114405.532055670628324
476077.194710449490231 1114541.266475489363074
476278.857277037575841 1114684.757147869328037
476637.583957987488247 1114793.344683724455535
476932.32155530853197 1114812.735315127298236
477265.840415434970055 1114731.29466323601082
477692.434306294366252 1114552.900854330975562
477961.964082791877445 1114556.778980611590669
478217.920417307526805 1114611.072748539270833
478815.151864510669839 1115324.64798415848054
479394.931743451335933 1115812.32236393680796
479902.966286202077754 1116184.622486868640408
480585.51651157712331 1116656.784361524274573
480593.2727641381789 1111926.43983083544299
480383.8539449890377 1111635.580359794897959
480314.047671939304564 1111406.770909243030474
480228.728893767460249 1111212.864595216000453
480058.091337423655204 1110949.152008139295503
479941.747549007472117 1110840.564472284168005
479802.135002908064052 1110716.464431306812912
479557.813047234027181 1110270.479909044923261
479375.541112048667856 1109999.011069406988099
479208.781681985419709 1109836.129765624413267
479076.925388447067235 1109692.639093244448304
478917.922210944932885 1109622.832820194540545
478692.990886673622299 1109584.051557389320806
478008.501598158327397 1109422.13978517614305

