# @DMicroZona3Este|3
# @P
476621.221475538099185 1108013.698651317507029
476307.174664676480461 1108215.17353549064137
476228.730047453951556 1108416.349206704413518
476536.442067125521135 1108433.444318908266723
476724.488301369245164 1108424.896762806456536
476767.226081879227422 1108681.323445865884423
476903.986979511042591 1108852.274567905813456
477143.318550366675481 1109202.724368087248877
477280.07944799849065 1109339.485265719005838
477656.171916485996917 1109698.482622002484277
477946.788823953596875 1109920.719080654205754
478006.621716667490546 1109732.672846410656348
478160.477726503275335 1109707.030178104527295
478399.809297358966433 1109655.744841492734849
478767.354209744429681 1109655.744841492734849
478912.662663478229661 1109698.482622002484277
478989.590668396151159 1109852.338631838327274
479015.233336702105589 1110006.194641674170271
479117.804009925981518 1110168.598207612056285
479297.302688067720737 1110305.359105243813246
479493.896478413429577 1110442.120002875570208
479707.585380963166244 1110570.333344405284151
479827.251166390953586 1110672.904017629334703
480023.844956736720633 1110937.878256790805608
480314.461864204320591 1111151.567159340484068
480331.556976408290211 1111442.184066808084026
480451.22276183613576 1111698.610749867744744
480887.148123037535697 1111707.158305969787762
480784.577449813659769 1111536.20718393009156
480647.8165521818446 1111177.209827646613121
480476.86543014209019 1110784.022246955195442
480186.248522674490232 1110519.048007793491706
479835.798722492880188 1109974.141306291334331
479425.516029597434681 1109469.835496274055913
478912.662663478171453 1109256.146593724377453
477613.434135976014659 1108948.43457405292429
477451.030570038303267 1108033.846071140142158
476715.940745267318562 1108127.869188262149692
476621.221475538099185 1108013.698651317507029
