# @DMicroZona6|6
# @P
480414.029466994164977 1114309.067166818771511
480506.396176070789807 1114844.794079462997615
480524.86951788602164 1115029.527497616130859
480478.686163347738329 1115362.047650291817263
480432.502808809455018 1115990.141272012609988
481430.063266836572438 1116128.691335627576336
482048.920217649720144 1116211.821373796556145
482861.74725752370432 1116147.164677442749962
483559.115911052038427 1115786.934512044070289
483697.66597466688836 1115657.621119336923584
483623.77260740561178 1115398.994333922397345
483522.169227421400137 1115121.89420669269748
483457.512531067768577 1114918.68744672415778
483272.779112914577127 1114660.060661309864372
482737.05220027040923 1114355.250521356938407
482349.112022148736287 1114124.333748665638268
481924.225160396425053 1113939.600330512505025
481582.468336813035421 1113810.28693780512549
481379.261576844553929 1113791.813595989951864
481000.558069630526006 1113736.393570543965325
480972.848056907532737 1113551.660152390832081
481009.794740538171027 1113089.826607007766142
480926.664702369249426 1112637.229732532519847
480538.724524247576483 1112618.756390717113391
480289.33440974081168 1112572.573036178946495
479947.577586157422047 1112517.153010732959956
479642.767446204670705 1112387.839618025813252
479494.980711682175752 1111288.675780014367774
478783.757051792403217 1111381.042489090934396
478515.893595470348373 1111353.332476367941126
478617.496975454560015 1111002.338981876848266
478571.313620916276705 1110632.872145570581779
478423.526886393723544 1110485.085411048028618
478229.556797332887072 1110475.848740140441805
477980.166682826122269 1110540.505436494015157
478054.060050087398849 1110376.554527882952243
477850.853290118917357 1110164.11109700682573
477721.539897411654238 1110062.507717022672296
477481.386453812534455 1109942.430995223112404
477213.522997490363196 1109780.789254339179024
477116.53795295994496 1109716.132557985372841
477047.262921152519993 1109706.895887077786028
476894.857851176115219 1109720.750893439166248
476788.636135738051962 1109697.659216170199215
476714.742768476775382 1109693.040880716405809
476548.48269213893218 1109868.537627961719409
476465.352653970010579 1109826.97260887734592
476377.604280347237363 1109762.315912523772568
476331.420925808954053 1109780.789254339179024
476229.817545824684203 1109896.247640684712678
476137.450836748117581 1109928.575988861499354
476128.21416584047256 1109859.300957054132596
476068.175804940692615 1109873.155963415745646
475975.809095864067785 1109910.102647046325728
475874.205715879856143 1110016.324362484272569
475786.457342257082928 1110025.561033392092213
475731.037316811154597 1109983.996014307485893
475661.762285003671423 1109960.904337038518861
475597.105588650098071 1109937.812659769318998
475537.067227750318125 1109965.522672492312267
475495.502208665828221 1109988.6143497612793
475453.937189581396524 1109974.75934339989908
475269.203771428205073 1109974.75934339989908
475130.653707813296933 1110057.889381568878889
475119.107869178813417 1109785.407589792972431
475054.451172825181857 1109637.62085527041927
474906.664438302686904 1109471.360778932459652
474731.167691057140473 1109402.085747125092894
474587.999291988438927 1109323.574044409906492
474509.487589273310732 1109217.352328971959651
474370.9375256584608 1109088.038936264580116
474360.278992441366427 1108980.758482362376526
474344.724758009251673 1108824.201731447596103
474331.247842076874804 1108688.553642823593691
474317.826667939429171 1108553.466607483802363
474317.826667939429171 1108553.466607483802363
474308.589997031784151 1108317.931499338475987
474179.276604324521031 1108308.694828430889174
474045.344876163464505 1108267.129809346282855
473902.176477094762959 1108225.564790261909366
473772.863084387558047 1108207.091448446502909
473546.564647149934899 1108059.304713923949748
473417.25125444267178 1108008.503023931989446
473334.121216273750179 1107966.938004847383127
473204.807823566545267 1107976.17467575520277
473135.5327917591203 1107929.991321216803044
472936.944367244432215 1107957.701333939796314
472756.829284545092378 1107999.266353024169803
472696.790923645312432 1107911.517979401396587
472664.462575468525756 1107874.571295770816505
472452.019144592341036 1108031.594701200956479
472253.430720077711158 1108193.23644208512269
472248.812384623859543 1108105.488068462349474
472119.498991916654631 1108100.869733008556068
472064.078966470668092 1108100.869733008556068
472008.658941024739761 1108179.38143572350964
471773.123832879413385 1108133.198081185342744
471717.703807433485053 1107966.938004847383127
471445.222015657578595 1108054.686378470156342
471486.787034742010292 1107939.227992124389857
471269.725268412032165 1107990.02968211658299
471255.87026205053553 1107814.532934871036559
471163.503552973968908 1107837.624612140236422
471108.083527528040577 1107689.837877617683262
470733.998355767864268 1107786.82292214804329
470697.051672137225978 1107666.746200348483399
470484.608241261041258 1107703.692883979296312
470165.943094946851488 1107703.692883979296312
470170.561430400644895 1107427.747340612811968
469595.394682221696712 1107507.73741817404516
469399.299409611150622 1107423.129005159018561
469131.43595328903757 1107298.433947905432433
469145.290959650534205 1107386.182321528205648
468840.480819697782863 1107427.747340612811968
468725.022433352074586 1107404.655663343612105
468655.747401544591412 1107441.602346974192187
468498.723996114393231 1107418.510669704992324
468337.082255230401643 1107409.273998797405511
468323.227248868905008 1107621.717429673532024
468147.730501623358577 1107764.885828742291778
468073.837134362140205 1107898.81755690346472
468046.127121639146935 1108032.74928506440483
468120.020488900423516 1108203.627696856157854
468115.402153446571901 1108337.559425017097965
468106.165482538926881 1108471.491153178270906
467930.66873529338045 1108610.041216793004423
467824.447019855317194 1108646.987900423817337
467953.760412562522106 1108854.812995846150443
468341.700590684195049 1109215.043161244830117
468309.372242507408373 1109344.356553951976821
468374.028938861039933 1109362.829895767383277
468327.845584322756622 1109538.326643012696877
469149.909295104385819 1109824.663441150216386
469242.276004180952441 1109917.030150226783007
469177.619307827320881 1109990.923517488176003
469731.819562286837026 1110169.884016324067488
470082.81305677787168 1110289.96073812362738
470147.469753131503239 1109781.943838202394545
471532.970389280293602 1109860.455540917580947
471403.656996573088691 1110640.95423261472024
471800.833845602406655 1110636.335897160926834
472091.788979193661362 1110834.924321675440297
472161.064011001144536 1110853.397663490846753
472022.513947386236396 1111180.144896849291399
472415.072460961760953 1111401.824998633237556
472364.270770969626028 1112002.208607631037012
473001.601063598063774 1112213.497454643715173
473611.221343503566459 1112365.90252462006174
474063.818217978812754 1112388.994201889261603
473929.886489817756228 1112781.552715464727953
474146.948256147734355 1112786.17105091875419
474405.575041562202387 1112721.514354564948007
474484.086744277272373 1112855.446082726120949
474622.636807892180514 1112883.156095449114218
474571.835117900045589 1113192.584570855600759
475343.097138689539861 1113275.714609024580568
475721.800645903567784 1113368.08131810114719
475781.839006803347729 1113731.775235090404749
476105.122488571389113 1113884.180305066751316
476465.352653970068786 1113925.745324151124805
476899.47618663002504 1113976.547014143317938
477195.049655675131362 1114105.860406850464642
477776.959922857582569 1113967.310343235731125
477984.785018279857468 1113893.416975974338129
478372.725196401530411 1113888.798640520544723
478973.108805399388075 1113893.416975974338129
479485.744040774414316 1114087.387065035291016
480266.242732471611816 1113962.692007781704888
480414.029466994164977 1114309.067166818771511
