# @DMicroZona4W|4
# @P
476307.174664676480461 1108215.17353549064137
476547.328108276822604 1108092.210354032693431
476621.221475538099185 1108013.698651317507029
476745.91653279151069 1107838.201904071960598
476579.65645645360928 1107842.820239525986835
476526.545598734577652 1107728.516437043668702
476429.560554204159416 1107192.789524399442598
476420.323883296456188 1106633.970934486016631
476521.927263280726038 1105982.785635495791212
476595.820630542002618 1105604.082128281937912
476323.338838766037952 1105544.043767382157966
476217.117123327974696 1105451.677058305358514
475829.176945206243545 1105631.792141004698351
475838.413616113888565 1105544.043767382157966
475556.695153430278879 1105488.623741936171427
475565.931824337923899 1105765.723869165871292
475487.420121622853912 1105904.27393278083764
475062.533259870484471 1106407.672497248277068
474947.074873524717987 1106513.894212686223909
474873.181506263441406 1106536.985889955423772
474780.814797186874785 1106440.000845425063744
474642.264733571966644 1106440.000845425063744
474328.217922711512074 1106615.497592670610175
473944.896080043632537 1106929.544403531122953
473597.366337142826524 1106818.704352639149874
473347.976222636003513 1106569.314238132210448
473190.952817205805331 1106440.000845425063744
472917.316441566392314 1106525.440051320940256
472626.361307975079399 1106610.879257216583937
472665.6171593326726 1106714.791804927866906
472243.039465307199862 1106811.776849458226934
472187.61943986127153 1106707.864301747176796
472037.523537611763459 1106730.955979016376659
472040.987289202166721 1106643.207605393603444
471870.108877410413697 1106599.333418582100421
471715.394639707112219 1106617.806760397506878
471590.699582453700714 1106495.420870871050283
471526.042886100127362 1106493.111703143920749
471491.405370196385775 1106571.623405859107152
471378.256151577574201 1106585.478412220720202
471218.923578420421109 1106543.913393136113882
470882.939674154273234 1106325.119751011021435
470769.79045553546166 1106308.955576922511682
470716.679597816430032 1106186.569687396055087
470585.057037382270209 1106054.94712696201168
470416.487793317472097 1106119.603823315585032
470303.338574698660523 1106366.684770095394924
470252.536884706525598 1106373.612273276085034
470109.368485637765843 1106237.37137738824822
469884.224632263591047 1106186.569687396055087
469424.700254607480019 1106135.767997403861955
469459.337770511221606 1106038.782952873501927
469088.716350341332145 1105999.527101516025141
468707.703675400407519 1105944.107076070038602
468227.396788202051539 1106018.000443331198767
467428.424754689505789 1106253.535551476525143
467088.97709883301286 1106475.215653260471299
467031.247905660187826 1106584.901120288996026
467005.847060664091259 1106642.630313461879268
466853.441990687686484 1106582.591952562099323
466601.74270845396677 1106591.828623469686136
466620.216050269315019 1106755.779532080516219
466848.823655233893078 1106783.489544803509489
466848.823655233893078 1106841.218737976392731
466707.964423892088234 1106852.764576611109078
466703.34608843823662 1106952.058788868365809
466712.582759345881641 1107173.738890652311966
466671.017740261449944 1107450.839017882011831
466640.998559811559971 1107621.717429673764855
466749.529442976519931 1107621.717429673764855
466814.186139330326114 1107813.378351007588208
466869.606164776254445 1107988.875098253134638
466777.239455699687824 1108141.280168229481205
466906.552848406892736 1108390.670282736420631
466966.591209306672681 1108395.288618190214038
466957.35453839902766 1108432.23530182079412
466906.552848406892736 1108478.418656359193847
466911.17118386074435 1108603.113713612547144
466994.301222029665951 1108612.350384520133957
467206.744652905792464 1108695.480422689113766
467326.821374705352355 1108732.427106319693848
467349.91305197449401 1108566.167029981967062
467543.883141035330482 1108372.196940921014175
467382.241400151338894 1108205.936864583287388
467142.087956552219111 1107938.073408261174336
467049.721247475594282 1107702.53830011584796
467151.324627459864132 1107693.301629208028316
467225.217994721140712 1107614.789926493074745
467137.469621098367497 1107494.713204693514854
467179.034640182857402 1107166.811387471621856
467340.67638106684899 1107143.719710202421993
467340.67638106684899 1107055.971336579648778
467479.22644468175713 1106949.749621141701937
467631.631514658103697 1106866.619582972722128
467617.776508296607062 1106788.107880257535726
467696.288211011735257 1106760.397867534542456
467723.998223734670319 1106834.291234795935452
468430.603548170591239 1107000.551311133662239
468492.951076797267888 1106995.932975679868832
468691.539501311955974 1106825.054563888115808
468830.089564926805906 1106815.817892980528995
468899.36459673428908 1106935.894614780088887
469116.426363064267207 1106912.802937510889024
469125.663033971912228 1106986.696304772282019
469370.434813024883624 1106963.604627503082156
469319.633123032748699 1106811.199557526735589
469402.7631612016703 1106815.817892980528995
469472.038193009095266 1106857.382912064902484
469472.038193009095266 1106774.252873896155506
469518.221547547378577 1106691.122835727175698
469675.244952977576759 1106728.06951935775578
469679.863288431428373 1106903.566266603302211
469841.505029315478168 1106935.894614780088887
469920.016732030548155 1107046.734665672061965
470044.711789283959661 1107051.353001125855371
470132.460162906732876 1106986.696304772282019
470021.620112014818005 1106968.222962956875563
470007.76510565332137 1106875.856253880308941
470067.803466553101316 1106866.619582972722128
470077.040137460746337 1106760.397867534542456
470303.338574698369484 1106769.634538442129269
470391.0869483211427 1106931.27627932629548
470737.462107358383946 1106862.001247518928722
470760.553784627525602 1106709.596177542349324
471028.417240949580446 1106621.847803919808939
471106.92894366470864 1106852.764576611109078
471134.63895638770191 1107120.62803293322213
471171.5856400183402 1107014.406317495275289
471254.715678187261801 1107014.406317495275289
471319.372374540835153 1107180.666393833002076
471448.685767248098273 1107106.77302657184191
471453.304102701891679 1107148.3380456562154
471499.487457240233198 1107152.956381110008806
471476.395779971033335 1107240.704754732782021
471536.43414087081328 1107245.323090186575428
471577.999159955303185 1107282.269773817388341
471610.327508132089861 1107337.689799263142049
472727.96468795882538 1107120.62803293322213
472801.85805522010196 1107148.3380456562154
472935.789783381100278 1107309.97978654038161
473106.668195172795095 1107563.988236500881612
473804.036848701070994 1107065.208007487235591
474002.625273215700872 1107356.163141078548506
474090.373646838474087 1107273.033102909568697
474136.557001376757398 1107286.888109271181747
474395.18378679122543 1107490.094869239721447
474584.535540398210287 1107665.591616485035047
474639.955565844196826 1107697.919964662054554
474746.177281282260083 1107573.224907408468425
474884.727344897110015 1107679.446622846648097
474820.070648543536663 1107748.721654654014856
474866.254003081819974 1107804.141680100001395
475087.934104865591507 1107790.286673738621175
475129.499123950081412 1107924.218401899561286
475240.339174841996282 1107970.401756437961012
475365.034232095407788 1108030.440117337740958
475498.965960256406106 1108090.478478237520903
475776.066087486222386 1108085.860142783727497
475789.921093847660813 1108113.570155506487936
475983.891182908497285 1108173.608516406267881
476307.174664676480461 1108215.17353549064137

