# @DMicroZona5|5
# @P
461815.992594423354603 1113145.246632454218343
461779.045910792774521 1112967.440717481542379
461912.80243819806492 1112924.293450576718897
461922.214309861476067 1112921.257362943375483
461972.189840078179259 1112924.645534483483061
462194.696101637440734 1112939.730704758549109
462199.31443709123414 1112607.210552082862705
462324.009494344645645 1112565.645532998489216
462335.865957064379472 1112399.655054922448471
462337.86450070614228 1112371.675443937536329
462397.902861605922226 1112168.46868396922946
462434.849545236560516 1111692.780132224783301
462420.994538875063881 1111092.396523226983845
462476.41456432105042 1111041.594833234790713
462568.781273397617042 1111027.739826873177662
462613.207652492914349 1110968.504654746269807
462624.201298843545374 1110953.846459612017497
462629.405374403810129 1110929.560773664154112
462651.911311566538643 1110824.533066904870793
462628.819634297396988 1110732.166357828071341
462472.382553815899882 1110635.543455177685246
462471.796228867198806 1110635.181313297711313
462473.466398872726131 1110633.971879845485091
462605.727957028255332 1110538.196268767351285
462781.224704273743555 1110667.509661474497989
462841.263065173523501 1110639.799648751504719
462767.36969791224692 1110528.959597859764472
462739.659685189311858 1110436.59288878319785
462638.056305205042008 1110311.897831529611722
462698.094666104821954 1110177.966103368671611
461649.732518085569609 1109186.178564658621326
461150.952289071981795 1109167.7052228434477
460989.310548187932 1109329.34696372738108
460975.455541826493572 1109329.34696372738108
460924.653851834358647 1109333.965299181174487
460795.340459127153736 1109333.965299181174487
460552.240066502476111 1109371.687773898942396
460527.477002805040684 1109375.530318265780807
460478.962538221909199 1109369.649777104146779
460222.666862852289341 1109338.583634634967893
459880.910039268899709 1109213.888577381614596
459700.794956569559872 1109070.720178312854841
459502.206532054871786 1109047.628501043887809
459430.516898963192943 1109034.26263724709861
459229.724740278965328 1108996.826811051694676
459206.633063009823672 1109066.101842859061435
459183.541385740682017 1109181.56022920482792
459109.648018479405437 1109209.270241927821189
459086.556341210263781 1109417.095337350154296
459122.666330128733534 1109516.397806875873357
459123.503024840902071 1109518.69871733430773
459119.301189245772548 1109569.120744476094842
459114.266353933257051 1109629.538768226280808
459126.432103367871605 1109638.054792830487713
459160.449708471540362 1109661.867116403067484
459211.251398463675287 1109708.050470941467211
459211.251398463675287 1109772.707167295040563
459199.026392850559205 1109821.607189747272059
459188.159721194475424 1109865.073876371607184
459179.132224002212752 1109869.08609734592028
459105.029683025553823 1109902.020560002187267
459081.938005756412167 1110137.555668147513643
459021.899644856632221 1110814.141812133835629
459052.093102118000388 1110822.768514208495617
459667.089660229627043 1110998.48181652603671
459668.466608392773196 1110998.875230286968872
459666.927163241431117 1111001.569259301759303
459649.993266577424947 1111031.203578463755548
459585.336570223851595 1111257.502015701495111
459566.863228408503346 1111483.800452939001843
459566.863228408503346 1111617.732181100174785
459446.786506608943455 1111936.397327414248139
459517.224549899110571 1111951.491193833528087
459527.607377050968353 1111953.716085365973413
459526.210424122109544 1111959.278951493324712
459268.980591636500321 1112983.604891570052132
459587.645737950748298 1113205.284993353765458
459846.272523365158122 1113136.009961546398699
459924.784226080286317 1113205.284993353765458
459939.499960123212077 1113208.48406597180292
460031.005941518349573 1113228.376670622965321
460127.990986048767809 1113232.995006076758727
460220.35769512533443 1113293.033366976538673
460368.144429647887591 1113403.873417868511751
460631.389550516149029 1113579.370165114058182
461120.933108622091822 1113953.455336874118075
461340.304042678908445 1114105.860406850464642
461797.519252608006354 1113390.018411506898701
461817.990912648674566 1113287.660111303906888
461820.61092987714801 1113274.560025161365047
461857.872015575063415 1113196.650482338387519
461871.412619869282935 1113168.338309723185375
461815.992594423354603 1113145.246632454218343
