# @DMicroZona3Norte|3
# @P
481053.825467026268598 1111886.65698411129415
480926.664702369249426 1112637.229732532519847
481035.798832403379492 1112625.866494734073058
481244.972946310939733 1112604.086917649721727
481390.660187180445064 1112534.815200545592234
481390.934851602418348 1112534.7225809879601
481575.063682203704957 1112472.632519620005041
481819.268498889636248 1112449.135260741924867
482209.761431951134 1112381.332917938940227
482924.403124843316618 1112490.839911045040935
483459.2651918285992 1112932.015674987342209
483799.86926001496613 1113845.999498018529266
483906.727380067051854 1114466.040818742243573
483905.92567366338335 1115322.211322693852708
483925.15916452993406 1115664.997269057668746
483892.532250950403977 1116195.494824488414451
483678.781696479883976 1116338.251880622468889
483188.073829107626807 1116533.914329272927716
482686.286385411920492 1116611.713317757938057
482317.869150664249901 1116707.67361496691592
481991.411958971759304 1116879.278207467403263
481991.411958971759304 1116879.278207467403263
481514.964055587071925 1116966.909124190919101
481045.963130973570514 1116781.206146213691682
480582.258539135684259 1116509.722400887170807
480271.051443965290673 1116300.288957795361057
479938.473792927514296 1116032.278505843132734
479556.580035133752972 1115780.007872260408476
479744.626683510956354 1115360.109738265164196
479616.628468720533419 1115266.194313334999606
478571.853397691564169 1114993.193966313963756
478114.736419720458798 1114643.48197498684749
477980.94392269954551 1114682.260405689943582
477439.247310019854922 1114647.826329226605594
476458.0538675369462 1114637.080169257707894
476164.252647333254572 1114500.035264482954517
475917.246822550485376 1114404.365931726293638
475653.907258089049719 1114323.301984450547025
475728.359321513737086 1113969.582329196855426
476153.491491290915292 1114086.18182048224844
475560.32814503920963 1113923.497014817316085
475254.308651827333961 1113713.697100911987945
474963.691744359734003 1113448.72286175028421
474262.792143996688537 1113440.175305648241192
473715.748553469486069 1113046.987724956823513
473322.560972778010182 1112978.607276140945032
473074.681845820334274 1112841.846378509188071
472792.612494454719126 1112730.728149183327332
472784.064938352734316 1112517.039246633648872
472237.021347825531848 1112388.825905103702098
472014.78488917381037 1112234.969895267859101
472031.88000137777999 1112226.422339166048914
472057.522669683792628 1111944.352987800259143
471852.381323236040771 1111833.234758474398404
471920.761772051977459 1111679.378748638788238
471630.144864584377501 1111388.76184117118828
471493.383966952562332 1111559.712963210884482
471382.265737626701593 1111602.45074372086674
471108.743942363071255 1111610.998299822676927
470843.769703201425727 1111628.093412026762962
470553.152795733825769 1111662.283636434702203
470245.440776062256191 1111568.260519312927499
470048.846985716547351 1111405.856953375041485
469877.895863676792942 1111252.000943539198488
469937.728756390686613 1111046.859597091563046
469912.086088084732182 1110824.623138439841568
469689.849629433068912 1110764.790245726006106
469142.806038905808236 1110568.196455380180851
469023.140253477962688 1110397.245333340484649
468920.569580254086759 1110243.389323504641652
468843.641575336223468 1110277.579547912580892
468578.66733617457794 1110574.607122456654906
468544.4771117666387 1110523.32178584462963
468459.001550746732391 1110540.416898048715666
468339.335765318886843 1110848.128917720168829
468201.995943206071388 1111389.701868067262694
468303.599323190341238 1111500.541918959235772
468451.386057712894399 1111232.67846263712272
468903.982932188198902 1111204.968449914129451
469107.189692156738602 1111251.151804452296346
469273.449768494640011 1111435.88522260542959
469744.519984785292763 1111703.748678927775472
470238.681878345087171 1111833.062071634922177
470506.545334667200223 1111823.825400727335364
470626.622056466818321 1111805.352058911928907
470737.462107358733192 1111879.245426173321903
471051.508918219129555 1112165.582224310608581
471263.952349095314275 1112396.49899700214155
471975.176008985145018 1112775.20250421622768
472196.856110768974759 1112747.492491493234411
472811.094726128387265 1113357.112771398853511
472940.408118835592177 1113504.899505921406671
473309.874955141975079 1113745.052949520526454
473697.81513326370623 1113846.656329504679888
473928.731905955180991 1113680.396253166953102
474067.281969570089132 1113680.396253166953102
474205.832033184997272 1113994.443064027233049
474926.292363982473034 1114169.93981127277948
474861.635667628841475 1114308.489874887745827
475748.356074764218647 1114677.956711194245145
476302.556329223793 1114918.110154793364927
476672.023165530175902 1115121.316914761904627
477069.200014559552073 1115213.683623838471249
477503.323547219566535 1115315.287003822624683
477891.263725341297686 1115259.866978376638144
478269.967232555325609 1115287.576991099631414
478639.434068861766718 1115213.683623838471249
478496.265669793006964 1115444.600396530004218
479092.161341620027088 1115673.224337292369455
479211.827127047872636 1115827.080347128212452
479510.991590617457405 1116126.244810697622597
479793.060941983072553 1116399.766605961369351
480100.772961654642131 1116613.45550851104781
480323.009420306305401 1116801.501742754830047
480622.173883875890169 1116835.691967162769288
480793.125005915702786 1116946.810196488630027
481152.122362199181225 1117040.83331361040473
481314.525928136950824 1117075.02353801834397
481596.595279502565973 1117211.784435650100932
481861.5695186642115 1117203.236879548290744
482083.80597731587477 1117169.046655140351504
482220.566874947689939 1117109.213762426283211
482468.446001905365847 1117040.83331361040473
482707.777572761056945 1116929.715084284543991
483006.942036330641713 1116869.882191570708528
483229.178494982304983 1116904.072415978647768
483673.65141228568973 1116904.072415978647768
483972.815875855274498 1116904.072415978647768
484118.124329589074478 1116818.596854958683252
484126.671885691059288 1116530.116836516652256
484212.147446710965596 1115957.430577683495358
484212.147446710965596 1115598.433221400016919
484237.790115016861819 1114515.030485472874716
484066.838992977107409 1113506.41886543831788
483947.173207549261861 1112993.565499318996444
483724.936748897598591 1112574.735250321682543
483263.368719390244223 1112138.809889120282605
482989.846924126613885 1111925.120986570604146
482536.826450721244328 1111925.120986570604146
482177.829094437765889 1112113.167220814153552
481656.428172216459643 1112215.737894038204104
481340.168596442905255 1112147.357445222325623
481053.825467026268598 1111886.65698411129415

