# @DMicroZona2|2
# @P
456471.423890478094108 1110673.859872723696753
455353.786710651183967 1110507.599796385737136
454707.219747114984784 1110479.889783662743866
454069.88945448648883 1110248.973010971210897
453705.040953633899335 1110175.079643710050732
452818.320546498522162 1109777.902794680558145
451756.103392117656767 1109306.832578389905393
450860.146314074634574 1108891.18238754523918
450389.076097783981822 1108549.425563961965963
450195.106008723145351 1108512.47888033115305
449567.012387002294417 1108614.082260315539315
449442.317329748882912 1108789.579007561085746
449534.684038825449534 1109214.465869313338771
449857.967520593549125 1109417.672629281878471
451141.864776758302469 1110258.209681879030541
452139.425234785536304 1110526.073138201143593
452370.342007477069274 1110793.936594523256645
452869.122236490657087 1110858.593290876829997
452970.725616474926937 1110683.096543631283566
453146.222363720473368 1110655.386530908290297
453100.039009182190057 1110738.516569077270105
453367.902465504303109 1110840.11994906142354
453746.605972718389239 1110877.066632692236453
453940.576061779225711 1111117.220076291356236
453922.102719963877462 1111283.480152629315853
453802.025998164317571 1111357.373519890476018
454079.126125394133851 1111505.160254413029179
454356.226252623891924 1111431.266887151869014
454550.196341684786603 1111311.190165352076292
455289.130014297552407 1111643.710318027995527
455847.948604210978374 1112244.093927025794983
455958.788655102893244 1112964.554257823387161
455962.524847662018146 1113009.388568532885984
456183.943056486023124 1113344.022074217209592
456780.852365884638857 1114246.142346261069179
457464.36601305147633 1114975.83934796624817
457852.30619117320748 1115354.5428551803343
458655.896560139604844 1115696.299678763607517
459090.020092799619306 1116303.610790942329913
459579.563650905562099 1116516.054221818456426
460420.100703502655961 1116599.184259987436235
460891.170919793308713 1116497.58088000304997
461297.584439730329905 1116340.557474572909996
461685.524617852061056 1115971.090638266643509
462581.481695895025041 1115934.143954635830596
463325.033703961642459 1116793.154349048389122
463897.707300236565061 1117181.094527170062065
464664.350985572324134 1117125.674501724075526
464812.137720094877295 1117125.674501724075526
464821.374391002580523 1116469.870867280289531
464682.824327387672383 1116183.534069142770022
464849.084403725515585 1115971.090638266643509
465190.841227308963425 1116008.037321897223592
465430.994670908141416 1115980.327309174230322
465606.491418153629638 1115786.357220113277435
465818.934849029814359 1115786.357220113277435
466382.37177439709194 1115610.860472867731005
466733.365268888184801 1115555.440447421744466
466742.601939795829821 1115703.227181944297627
466650.235230719204992 1115943.38062554365024
466798.021965241758153 1116183.534069142770022
467075.122092471574433 1116229.717423680936918
467264.473846078617498 1116192.770740050356835
467384.55056787817739 1116174.297398234950379
467476.917276954802219 1115961.853967358823866
467560.04731512372382 1115906.433941912837327
467587.757327846717089 1115721.700523759704083
467652.414024200290442 1115555.440447421744466
467689.360707830928732 1115490.783751068171114
468105.010898675653152 1115555.440447421744466
468631.501140412234236 1115795.593891021097079
469185.701394871866796 1116081.930689158383757
469231.884749410150107 1116469.870867280289531
469194.938065779511817 1117097.964489001082256
470238.681878345087171 1117254.98789443122223
470395.705283775285352 1116839.337703586556017
470386.468612867640331 1116359.030816388316453
470220.208536529738922 1115971.090638266643509
470617.385385559115093 1115398.417041991604492
470746.698778266378213 1115435.363725622184575
470779.027126443164889 1115564.677118329564109
471213.15065910317935 1115675.517169221537188
471277.80735545681091 1115333.76034563803114
470843.683822796796449 1115130.55358566949144
470936.050531873421278 1114881.163471162784845
470843.683822796796449 1114724.14006573241204
470954.523873688711319 1114622.536685748258606
470871.393835519789718 1114059.099760381039232
470760.553784627874848 1113948.259709489066154
470862.157164612144697 1113865.129671320086345
470483.453657398058567 1113929.786367673659697
470206.353530168300495 1113948.259709489066154
470040.093453830399085 1114012.916405842639506
469920.016732030839194 1114336.199887610739097
469799.940010231221095 1114345.43655851832591
469698.336630246951245 1114262.306520349578932
469836.886693861859385 1114169.93981127277948
469744.519984785292763 1113994.443064027233049
469735.283313877647743 1113818.946316781686619
469956.963415661477484 1113615.73955681337975
470040.093453830399085 1113467.952822290826589
470409.560290136781987 1113357.112771398853511
470631.240391920611728 1112876.805884200381115
470972.997215504059568 1112692.072466047247872
471222.387330010882579 1112821.385858754627407
471942.847660808358341 1113273.982733229873702
472580.177953436854295 1113781.999633151106536
473411.478335126244929 1114280.779862164752558
473790.181842340331059 1114659.483369378838688
473808.6551841556211 1115075.133560223504901
474011.8619441241608 1115315.287003822624683
474385.947115884395316 1115943.38062554365024
474773.887294006068259 1116202.007410957943648
474903.200686713331379 1116673.0776272485964
475549.767650249530561 1117079.4911471856758
476316.411335585289635 1117402.774628953775391
476575.038120999757666 1117301.171248969621956
476741.298197337659076 1116876.2843872171361
476935.268286398495547 1116294.3741200347431
476972.214970029133838 1115961.853967358823866
477258.551768166595139 1115638.570485590724275
478015.958782594709191 1115500.020421975990757
478496.265669793006964 1115444.600396530004218
478639.434068861766718 1115213.683623838471249
478269.967232555325609 1115287.576991099631414
477891.263725341297686 1115259.866978376638144
477503.323547219566535 1115315.287003822624683
477069.200014559552073 1115213.683623838471249
476672.023165530175902 1115121.316914761904627
476302.556329223793 1114918.110154793364927
475748.356074764218647 1114677.956711194245145
474861.635667628841475 1114308.489874887745827
474926.292363982473034 1114169.93981127277948
474205.832033184997272 1113994.443064027233049
474067.281969570089132 1113680.396253166953102
473928.731905955180991 1113680.396253166953102
473697.81513326370623 1113846.656329504679888
473309.874955141975079 1113745.052949520526454
472940.408118835592177 1113504.899505921406671
472811.094726128387265 1113357.112771398853511
472196.856110768974759 1112747.492491493234411
471975.176008985145018 1112775.20250421622768
471263.952349095314275 1112396.49899700214155
471051.508918219129555 1112165.582224310608581
470737.462107358733192 1111879.245426173321903
470626.622056466818321 1111805.352058911928907
470506.545334667200223 1111823.825400727335364
470238.681878345087171 1111833.062071634922177
469744.519984785292763 1111703.748678927775472
469273.449768494640011 1111435.88522260542959
469107.189692156738602 1111251.151804452296346
468903.982932188198902 1111204.968449914129451
468451.386057712894399 1111232.67846263712272
468303.599323190341238 1111500.541918959235772
468201.995943206071388 1111389.701868067262694
467952.605828699248377 1111389.701868067262694
467767.872410546056926 1110844.738284515216947
466899.625345226028003 1111223.441791729303077
466132.981659890268929 1111583.671957128215581
465939.011570829432458 1111445.121893513249233
465929.774899921729229 1111260.38847536011599
465689.621456322609447 1111186.495108098722994
465569.544734522991348 1111168.021766283316538
465523.361379984708037 1110983.288348130183294
465449.468012723431457 1110918.631651776609942
465440.231341815786436 1110872.448297238210216
465338.627961831516586 1110890.921639053616673
465347.864632739161607 1111029.471702668583021
465329.391290923871566 1111195.731779006309807
465357.101303646806628 1111260.38847536011599
465209.314569124253467 1111352.755184436682612
465098.474518232338596 1111066.418386299163103
464922.977770986792166 1110863.211626330623403
464793.664378279587254 1110641.531524546910077
464756.717694648948964 1110604.584840916097164
464290.265813812147826 1110433.706429124576971
463939.272319321054965 1110073.476263725664467
463699.118875721876975 1109888.742845572531223
463495.912115753395483 1109731.71944014239125
463209.910326404729858 1110220.305830279830843
463052.551912185677793 1110489.12645457056351
463154.155292169947643 1110886.303303599823266
463213.151228782022372 1110938.358541786903515
463311.178697600145824 1111024.853367214789614
463449.728761214471888 1111255.77013990515843
463477.438773938047234 1111301.953494444489479
463495.912115753395483 1111551.343608951428905
463643.698850275948644 1111625.23697621258907
463643.698850275948644 1111819.207065273541957
463758.846760288404766 1111972.737611956661567
463770.201082271058112 1111987.876707933610305
463796.103920252644457 1111997.590272176777944
463791.48558479885105 1112173.087019422324374
464017.784022036474198 1112177.705354876117781
464022.402357490325812 1112367.057108483277261
464239.464123820303939 1112362.438773029483855
464234.497680544038303 1112429.485757259186357
464220.99078200495569 1112611.82888753619045
466758.766113884223159 1112838.127324773930013
466918.098687041318044 1112884.310679312096909
467250.618839717004448 1112916.639027488883585
467301.420529709139373 1112916.639027488883585
467319.893871524487622 1113780.267757355002686
466788.785294334113132 1114412.979714529588819
465569.544734523107763 1114731.644860843895003
465539.020522893755697 1114720.198281482793391
465532.872605886892416 1114722.093504018848762
465578.781405430810992 1115441.713936870219186
465454.086348177283071 1115441.713936870219186
465411.704859899939038 1115439.973588578868657
465206.60335880133789 1115687.063007856020704
465195.459562762931455 1115700.340722284745425
465083.92676156188827 1115687.063007856020704
465002.298585406504571 1115674.935919793322682
464618.840508254186716 1115511.43449332145974
464036.551149307691958 1115257.188982168212533
463742.063988553709351 1115259.637170458678156
463528.240463930531405 1115261.598854170879349
463487.068192635546438 1115257.85592041676864
463487.068192635313608 1115257.85592041676864
463487.068192633625586 1115257.85592041653581
463325.033703962049913 1115243.125512355472893
463312.034225316019729 1115240.066811497556046
463312.034225315670483 1115240.066811497556046
463167.232846797909588 1115205.522944371215999
463032.94231323042186 1115204.162888645892963
462858.581823125306983 1115201.560493271099404
462341.32825229637092 1115090.720442379126325
462263.280042695929296 1115078.477585971122608
462104.390378984040581 1115052.933957148110494
462075.773963701212779 1115348.192643930204213
461909.452495972451288 1115269.673004808370024
461768.654656020982657 1115269.680941215250641
461627.79542467975989 1115269.680941215250641
461438.443671072775032 1115232.734257584670559
461396.878651988285128 1115389.757663014810532
461385.78324814006919 1115393.021017087856308
461318.591773738735355 1115413.039745721966028
461276.486036146699917 1115347.666246763197705
461264.927405335125513 1115341.413216979475692
461138.360920528997667 1115269.755576143041253
461175.355735049990471 1115178.384426711359993
461179.371770069235936 1115142.885168254841119
461193.671892019803636 1115024.909162162337452
461138.697652434289921 1114988.259669105289504
460939.217603539989796 1114987.962478531524539
460884.243416613258887 1114987.962478531524539
460810.350049351982307 1114978.725807623937726
460810.382450465869624 1114978.250591286923736
460811.618564352917019 1114964.091231405502185
460817.829275094612967 1114876.762309520505369
460697.303636150725652 1114803.292325250804424
460554.032431663712487 1114711.573083102237433
460399.303199358051643 1114567.439044100698084
460267.695633527007885 1114447.617230433505028
460133.763905365951359 1114355.250521356938407
460124.527234458306339 1114258.265476826578379
460069.107209012378007 1114225.937128649791703
459852.04544268239988 1114188.99044501921162
459658.075353621563409 1114036.585375042865053
459445.631922745378688 1113953.455336873885244
459277.062678680580575 1113930.363659604685381
458921.450848735694308 1113750.248576905345544
458745.954101490206085 1113653.263532374985516
458648.969056959787849 1113593.22517147520557
458473.472309714241419 1113593.22517147520557
458270.265549745759927 1113667.118538736365736
458266.118367348506581 1113665.275346559705213
458254.101375656377058 1113673.468749986262992
458248.211122353328392 1113657.316571006551385
458228.70053066132823 1113648.64519692119211
458180.208008396148216 1113470.839281948516145
458083.22296386572998 1113267.632521979976445
458129.406318404013291 1113179.88414835720323
458129.406318404013291 1113096.754110188223422
458060.131286596588325 1112990.53239475027658
458032.421273873595055 1112847.363995681516826
457995.474590242956765 1112718.050602974137291
457967.764577520021703 1112648.775571166770533
457750.702811190043576 1112524.080513913417235
457325.815949437732343 1112385.530450298450887
457191.884221276675817 1112357.820437575457618
457067.189164023264311 1112385.530450298450887
456892.84700064122444 1112222.734125551767647
457086.817089702060912 1111650.06052927672863
457216.050395667203702 1111411.786621403414756
456803.944043153780513 1111428.95771942473948
456609.973954092944041 1111336.591010348172858
456452.950548662687652 1111281.170984902186319
456471.423890478094108 1110673.859872723696753

