# @DMicrozona5Norult|5
# @P
480926.664702369249426 1112637.229732532519847
481009.794740538171027 1113089.826607007766142
480972.848056907532737 1113551.660152390832081
480972.848056907532737 1113551.660152390832081
481000.558069630526006 1113736.393570543965325
481379.261576844553929 1113791.813595989951864
481582.468336813035421 1113810.28693780512549
481924.225160396425053 1113939.600330512505025
482349.112022148736287 1114124.333748665638268
482737.05220027040923 1114355.250521356938407
483272.779112914577127 1114660.060661309864372
483457.512531067768577 1114918.68744672415778
483522.169227421400137 1115121.89420669269748
483623.77260740561178 1115398.994333922397345
483697.66597466688836 1115657.621119336923584
483559.115911052038427 1115786.934512044070289
482861.74725752370432 1116147.164677442749962
482048.920217649720144 1116211.821373796556145
481430.063266836572438 1116128.691335627576336
480432.502808809455018 1115990.141272012609988
480478.686163347738329 1115362.047650291817263
480524.86951788602164 1115029.527497616130859
480506.396176070789807 1114844.794079462997615
480414.029466994164977 1114309.067166818771511
480266.242732471611816 1113962.692007781704888
479485.744040774414316 1114087.387065035291016
478973.108805399388075 1113893.416975974338129
478372.725196401530411 1113888.798640520544723
477984.785018279857468 1113893.416975974338129
477776.959922857582569 1113967.310343235731125
477195.049655675131362 1114105.860406850464642
476899.47618663002504 1113976.547014143317938
476465.352653970068786 1113925.745324151124805
476105.122488571389113 1113884.180305066751316
475781.839006803347729 1113731.775235090404749
475721.800645903567784 1113368.08131810114719
475343.097138689539861 1113275.714609024580568
474571.835117900045589 1113192.584570855600759
474622.636807892180514 1112883.156095449114218
474484.086744277272373 1112855.446082726120949
474405.575041562202387 1112721.514354564948007
474146.948256147734355 1112786.17105091875419
473929.886489817756228 1112781.552715464727953
474063.818217978812754 1112388.994201889261603
473611.221343503566459 1112365.90252462006174
473001.601063598063774 1112213.497454643715173
472364.270770969626028 1112002.208607631037012
472364.270770969626028 1112002.208607631037012
472415.072460961760953 1111401.824998633237556
472022.513947386236396 1111180.144896849291399
472161.064011001144536 1110853.397663490846753
472091.788979193661362 1110834.924321675440297
471800.833845602406655 1110636.335897160926834
471403.656996573088691 1110640.95423261472024
471532.970389280293602 1109860.455540917580947
470147.469753131503239 1109781.943838202394545
470082.81305677787168 1110289.96073812362738
469731.819562286837026 1110169.884016324067488
469177.619307827320881 1109990.923517488176003
469242.276004180952441 1109917.030150226783007
469149.909295104385819 1109824.663441150216386
468327.845584322756622 1109538.326643012696877
468374.028938861039933 1109362.829895767383277
468309.372242507408373 1109344.356553951976821
468341.700590684195049 1109215.043161244830117
467953.760412562522106 1108854.812995846150443
467824.447019855317194 1108646.987900423817337
467930.66873529338045 1108610.041216793004423
468106.165482538926881 1108471.491153178270906
468115.402153446571901 1108337.559425017097965
468120.020488900423516 1108203.627696856157854
468046.127121639146935 1108032.74928506440483
468073.837134362140205 1107898.81755690346472
468147.730501623358577 1107764.885828742291778
468323.227248868905008 1107621.717429673532024
468337.082255230401643 1107409.273998797405511
468498.723996114393231 1107418.510669704992324
468655.747401544591412 1107441.602346974192187
468725.022433352074586 1107404.655663343612105
468840.480819697782863 1107427.747340612811968
469145.290959650534205 1107386.182321528205648
469131.43595328903757 1107298.433947905432433
469399.299409611150622 1107423.129005159018561
469595.394682221696712 1107507.73741817404516
470170.561430400644895 1107427.747340612811968
470165.943094946851488 1107703.692883979296312
470484.608241261041258 1107703.692883979296312
470697.051672137225978 1107666.746200348483399
470733.998355767864268 1107786.82292214804329
471108.083527528040577 1107689.837877617683262
471163.503552973968908 1107837.624612140236422
471255.87026205053553 1107814.532934871036559
471269.725268412032165 1107990.02968211658299
471486.787034742010292 1107939.227992124389857
471445.222015657578595 1108054.686378470156342
471717.703807433485053 1107966.938004847383127
471773.123832879413385 1108133.198081185342744
472008.658941024739761 1108179.38143572350964
472064.078966470668092 1108100.869733008556068
472119.498991916654631 1108100.869733008556068
472248.812384623859543 1108105.488068462349474
472253.430720077711158 1108193.23644208512269
472452.019144592341036 1108031.594701200956479
472664.462575468525756 1107874.571295770816505
472696.790923645312432 1107911.517979401396587
472756.829284545092378 1107999.266353024169803
472936.944367244432215 1107957.701333939796314
473135.5327917591203 1107929.991321216803044
473204.807823566545267 1107976.17467575520277
473334.121216273750179 1107966.938004847383127
473417.25125444267178 1108008.503023931989446
473546.564647149934899 1108059.304713923949748
473772.863084387558047 1108207.091448446502909
473902.176477094762959 1108225.564790261909366
474045.344876163464505 1108267.129809346282855
474179.276604324521031 1108308.694828430889174
474308.589997031784151 1108317.931499338475987
474317.826667939429171 1108553.466607483802363
474370.9375256584608 1109088.038936264580116
474509.487589273310732 1109217.352328971959651
474587.999291988438927 1109323.574044409906492
474731.167691057140473 1109402.085747125092894
474906.664438302686904 1109471.360778932459652
475054.451172825181857 1109637.62085527041927
475119.107869178813417 1109785.407589792972431
475130.653707813296933 1110057.889381568878889
475269.203771428205073 1109974.75934339989908
475495.502208665828221 1109988.6143497612793
475661.762285003671423 1109960.904337038518861
475874.205715879856143 1110016.324362484272569
475874.205715879856143 1110016.324362484272569
475975.809095864067785 1109910.102647046325728
476068.175804940692615 1109873.155963415745646
476137.450836748117581 1109928.575988861499354
476229.817545824684203 1109896.247640684712678
476229.817545824684203 1109896.247640684712678
476331.420925808954053 1109780.789254339179024
476377.604280347237363 1109762.315912523772568
476465.352653970010579 1109826.97260887734592
476548.48269213893218 1109868.537627961719409
476714.742768476775382 1109693.040880716405809
476788.636135738051962 1109697.659216170199215
476894.857851176115219 1109720.750893439166248
477047.262921152519993 1109706.895887077786028
477116.53795295994496 1109716.132557985372841
477213.522997490363196 1109780.789254339179024
477481.386453812534455 1109942.430995223112404
477721.539897411654238 1110062.507717022672296
477850.853290118917357 1110164.11109700682573
478054.060050087398849 1110376.554527882952243
478133.328394677315373 1110500.796844532713294
478229.556797332887072 1110475.848740140441805
478423.526886393723544 1110485.085411048028618
478571.313620916276705 1110632.872145570581779
478617.496975454560015 1111002.338981876848266
478515.893595470348373 1111353.332476367941126
478783.757051792403217 1111381.042489090934396
479494.980711682175752 1111288.675780014367774
479642.767446204670705 1112387.839618025813252
479947.577586157422047 1112517.153010732959956
480289.33440974081168 1112572.573036178946495
480538.724524247576483 1112618.756390717113391
480926.664702369249426 1112637.229732532519847
480961.957323503156658 1112428.913278043502942
481053.825467026268598 1111886.65698411129415
481070.920579230412841 1111688.460526997921988
480887.148123037535697 1111707.158305969787762
480451.22276183613576 1111698.610749867744744
480331.556976408290211 1111442.184066808084026
480314.461864204320591 1111151.567159340484068
480023.844956736720633 1110937.878256790805608
479827.251166390953586 1110672.904017629334703
479707.585380963166244 1110570.333344405284151
479493.896478413429577 1110442.120002875570208
479297.302688067720737 1110305.359105243813246
479117.804009925981518 1110168.598207612056285
479015.233336702105589 1110006.194641674170271
478989.590668396151159 1109852.338631838327274
478912.662663478229661 1109698.482622002484277
478767.354209744429681 1109655.744841492734849
478399.809297358966433 1109655.744841492734849
478160.477726503275335 1109707.030178104527295
478006.621716667490546 1109732.672846410656348
477946.788823953596875 1109920.719080654205754
477946.788823953596875 1109920.719080654205754
477656.171916485996917 1109698.482622002484277
477280.07944799849065 1109339.485265719005838
477143.318550366675481 1109202.724368087248877
476903.986979511042591 1108852.274567905813456
476767.226081879227422 1108681.323445865884423
476724.488301369245164 1108424.896762806456536
476536.442067125521135 1108433.444318908266723
476228.730047453951556 1108416.349206704413518
476307.174664676480461 1108215.17353549064137
475983.891182908497285 1108173.608516406267881
475789.921093847660813 1108113.570155506487936
475776.066087486222386 1108085.860142783727497
475498.965960256406106 1108090.478478237520903
475365.034232095407788 1108030.440117337740958
475240.339174841996282 1107970.401756437961012
475129.499123950081412 1107924.218401899561286
475087.934104865591507 1107790.286673738621175
474866.254003081819974 1107804.141680100001395
474820.070648543536663 1107748.721654654014856
474884.727344897110015 1107679.446622846648097
474746.177281282260083 1107573.224907408468425
474639.955565844196826 1107697.919964662054554
474584.535540398210287 1107665.591616485035047
474395.18378679122543 1107490.094869239721447
474136.557001376757398 1107286.888109271181747
474090.373646838474087 1107273.033102909568697
474002.625273215700872 1107356.163141078548506
473804.036848701070994 1107065.208007487235591
473106.668195172795095 1107563.988236500881612
472935.789783381100278 1107309.97978654038161
472935.789783381100278 1107309.97978654038161
472801.85805522010196 1107148.3380456562154
472727.96468795882538 1107120.62803293322213
471610.327508132089861 1107337.689799263142049
471577.999159955303185 1107282.269773817388341
471536.43414087081328 1107245.323090186575428
471476.395779971033335 1107240.704754732782021
471499.487457240233198 1107152.956381110008806
471453.304102701891679 1107148.3380456562154
471448.685767248098273 1107106.77302657184191
471319.372374540835153 1107180.666393833002076
471254.715678187261801 1107014.406317495275289
471171.5856400183402 1107014.406317495275289
471134.63895638770191 1107120.62803293322213
471106.92894366470864 1106852.764576611109078
471028.417240949580446 1106621.847803919808939
470760.553784627525602 1106709.596177542349324
470737.462107358383946 1106862.001247518928722
470391.0869483211427 1106931.27627932629548
470303.338574698369484 1106769.634538442129269
470077.040137460746337 1106760.397867534542456
470067.803466553101316 1106866.619582972722128
470007.76510565332137 1106875.856253880308941
470021.620112014818005 1106968.222962956875563
470132.460162906732876 1106986.696304772282019
470044.711789283959661 1107051.353001125855371
469920.016732030548155 1107046.734665672061965
469841.505029315478168 1106935.894614780088887
469679.863288431428373 1106903.566266603302211
469675.244952977576759 1106728.06951935775578
469518.221547547378577 1106691.122835727175698
469472.038193009095266 1106774.252873896155506
469472.038193009095266 1106857.382912064902484
469402.7631612016703 1106815.817892980528995
469319.633123032748699 1106811.199557526735589
469370.434813024883624 1106963.604627503082156
469125.663033971912228 1106986.696304772282019
469116.426363064267207 1106912.802937510889024
468899.36459673428908 1106935.894614780088887
468830.089564926805906 1106815.817892980528995
468691.539501311955974 1106825.054563888115808
468492.951076797267888 1106995.932975679868832
468430.603548170591239 1107000.551311133662239
467723.998223734670319 1106834.291234795935452
467696.288211011735257 1106760.397867534542456
467617.776508296607062 1106788.107880257535726
467631.631514658103697 1106866.619582972722128
467479.22644468175713 1106949.749621141701937
467340.67638106684899 1107055.971336579648778
467340.67638106684899 1107143.719710202421993
467340.67638106684899 1107143.719710202421993
467179.034640182857402 1107166.811387471621856
467137.469621098367497 1107494.713204693514854
467225.217994721140712 1107614.789926493074745
467151.324627459864132 1107693.301629208028316
467049.721247475594282 1107702.53830011584796
467142.087956552219111 1107938.073408261174336
467382.241400151338894 1108205.936864583287388
467543.883141035330482 1108372.196940921014175
467349.91305197449401 1108566.167029981967062
467326.821374705352355 1108732.427106319693848
467482.977488351752982 1108818.752121319295838
467600.506384754087776 1108865.763679880416021
467656.065499417018145 1108906.364571364829317
467617.601496958057396 1108964.060575053095818
467559.90549326967448 1109079.452582430094481
467517.16771275975043 1109229.034814214799553
467414.597039535874501 1109356.179711231729016
467324.847700465004891 1109503.625053991097957
467421.007706612348557 1109619.017061367863789
467613.327718907094095 1109792.105072433128953
467760.773061666346621 1109931.002859090454876
467931.72418370610103 1110070.969090260565281
468139.002419179305434 1110265.425991580821574
468312.09043024451239 1110406.460667263483629
468459.001550746732391 1110540.416898048715666
468544.4771117666387 1110523.32178584462963
468578.66733617457794 1110574.607122456654906
468843.641575336223468 1110277.579547912580892
468920.569580254086759 1110243.389323504641652
469023.140253477962688 1110397.245333340484649
469142.806038905808236 1110568.196455380180851
469689.849629433068912 1110764.790245726006106
469912.086088084732182 1110824.623138439841568
469937.728756390686613 1111046.859597091563046
469877.895863676792942 1111252.000943539198488
470048.846985716547351 1111405.856953375041485
470245.440776062256191 1111568.260519312927499
470553.152795733825769 1111662.283636434702203
470843.769703201425727 1111628.093412026762962
471108.743942363071255 1111610.998299822676927
471382.265737626701593 1111602.45074372086674
471493.383966952562332 1111559.712963210884482
471630.144864584377501 1111388.76184117118828
471920.761772051977459 1111679.378748638788238
471852.381323236040771 1111833.234758474398404
472057.522669683792628 1111944.352987800259143
472031.88000137777999 1112226.422339166048914
472014.78488917381037 1112234.969895267859101
472237.021347825531848 1112388.825905103702098
472784.064938352734316 1112517.039246633648872
472792.612494454719126 1112730.728149183327332
473074.681845820334274 1112841.846378509188071
473322.560972778010182 1112978.607276140945032
473715.748553469486069 1113046.987724956823513
474262.792143996688537 1113440.175305648241192
474963.691744359734003 1113448.72286175028421
475254.308651827333961 1113713.697100911987945
475560.32814503920963 1113923.497014817316085
475728.359321513737086 1113969.582329196855426
475653.907258089049719 1114323.301984450547025
475917.246822550485376 1114404.365931726293638
476164.252647333254572 1114500.035264482954517
476458.0538675369462 1114637.080169257707894
477439.247310019854922 1114647.826329226605594
477980.94392269954551 1114682.260405689943582
478114.736419720458798 1114643.48197498684749
478571.853397691564169 1114993.193966313963756
479616.628468720533419 1115266.194313334999606
479744.626683510956354 1115360.109738265164196
479556.580035133752972 1115780.007872260408476
479938.473792927514296 1116032.278505843132734
480271.051443965290673 1116300.288957795361057
480582.258539135684259 1116509.722400887170807
481045.963130973570514 1116781.206146213691682
481514.964055587071925 1116966.909124190919101
481991.411958971759304 1116879.278207467403263
482317.869150664249901 1116707.67361496691592
482686.286385411920492 1116611.713317757938057
483188.073829107626807 1116533.914329272927716
483678.781696479883976 1116338.251880622468889
483892.532250950403977 1116195.494824488414451
483925.15916452993406 1115664.997269057668746
483906.727380067051854 1114466.040818742243573
483906.727380067051854 1114466.040818742243573
483799.86926001496613 1113845.999498018529266
483459.2651918285992 1112932.015674987342209
482924.403124843316618 1112490.839911045040935
482209.761431951134 1112381.332917938940227
481524.570030578412116 1112471.216178232803941
481244.972946310939733 1112604.086917649721727
480926.664702369249426 1112637.229732532519847
