# @DMicroZona3W|3
# @P
463209.910326404729858 1110220.305830279830843
463495.912115753395483 1109731.71944014239125
463352.743716684693936 1109701.700259692268446
463334.270374869345687 1109637.043563338462263
463223.430323977430817 1109516.966841538902372
462798.543462225119583 1109332.233423385769129
462502.969993179955054 1109036.659954340662807
462373.656600472750142 1109156.736676140222698
461828.69301692082081 1108731.849814387969673
461117.469357030990068 1108981.239928894676268
460978.919293416081928 1108879.636548910522833
460877.315913431812078 1108935.056574356509373
460729.529178909258917 1108814.979852556716651
460664.872482555685565 1108861.163207095116377
460332.352329879882745 1108750.323156203143299
460221.512278987967875 1108953.529916171682999
459759.678733605018351 1108731.849814387969673
459482.578606375202071 1108833.453194372123107
459430.516898963192943 1109034.26263724709861
459502.206532054871786 1109047.628501043887809
459700.794956569559872 1109070.720178312854841
459880.910039268899709 1109213.888577381614596
460222.666862852289341 1109338.583634634967893
460478.962538221909199 1109369.649777104146779
460552.240066502476111 1109371.687773898942396
460795.340459127153736 1109333.965299181174487
460924.653851834358647 1109333.965299181174487
460975.455541826493572 1109329.34696372738108
460989.310548187932 1109329.34696372738108
461150.952289071981795 1109167.7052228434477
461649.732518085569609 1109186.178564658621326
462698.094666104821954 1110177.966103368671611
462638.056305205042008 1110311.897831529611722
462739.659685189311858 1110436.59288878319785
462767.36969791224692 1110528.959597859764472
462841.263065173523501 1110639.799648751504719
462781.224704273743555 1110667.509661474497989
462605.727957028255332 1110538.196268767351285
462473.466398872726131 1110633.971879845485091
462472.382553815899882 1110635.543455177685246
462628.819634297396988 1110732.166357828071341
462651.911311566538643 1110824.533066904870793
462629.405374403810129 1110929.560773664154112
462639.738325468380935 1110945.095237414818257
462650.756727702973876 1110935.37311779614538
462955.566867655725218 1111383.351656817598268
462964.803538563370239 1111706.63513858569786
463555.950476653524674 1111919.078569461824372
463611.370502099511214 1111928.315240369411185
463720.157959458592813 1111969.110536878928542
463770.201082271058112 1111987.876707933610305
463643.698850275948644 1111819.207065273541957
463643.698850275948644 1111625.23697621258907
463495.912115753395483 1111551.343608951428905
463477.438773938047234 1111301.953494444489479
463449.728761214471888 1111255.77013990515843
463311.178697600145824 1111024.853367214789614
463213.151228782022372 1110938.358541786903515
463154.155292169947643 1110886.303303599823266
463052.551912185677793 1110489.12645457056351
463209.910326404729858 1110220.305830279830843
