# @DMicroZona4|4
# @P
459118.259350886452012 1109581.622804787941277
459122.666330128733534 1109516.397806875873357
459086.556341210263781 1109417.095337350154296
459109.648018479405437 1109209.270241927821189
459183.541385740682017 1109181.56022920482792
459206.633063009823672 1109066.101842859061435
459229.724740278965328 1108996.826811051694676
459240.71445706859231 1108883.336391110438854
459229.724740278965328 1108996.826811051694676
459229.724740278965328 1108996.826811051694676
459240.71445706859231 1108883.336391110438854
458907.68510085582966 1108955.455485004931688
458864.015401043056045 1108959.347167023457587
458671.305344697553664 1108954.958541764877737
458594.904805916245095 1109121.842125433497131
458601.397734151454642 1109364.259467968484387
458158.644357651239261 1109226.705020900582895
458047.430864098598249 1109536.017475286265835
457853.460775037761778 1109503.689127109479159
457765.712401414988562 1109688.422545262612402
457747.239059599698521 1109844.291366829536855
457710.292375969060231 1109941.276411359896883
457613.307331438641995 1110638.645064888289198
457585.597318715648726 1110634.026729434495792
457548.650635085010435 1110670.973413065075874
457382.390558747109026 1111105.096945724915713
457216.050395667203702 1111411.786621403414756
457086.817089702060912 1111650.06052927672863
456892.84700064122444 1112222.734125551767647
457067.189164023264311 1112385.530450298450887
457191.884221276675817 1112357.820437575457618
457325.815949437732343 1112385.530450298450887
457750.702811190043576 1112524.080513913417235
457967.764577520021703 1112648.775571166770533
457995.474590242956765 1112718.050602974137291
458032.421273873595055 1112847.363995681516826
458060.131286596588325 1112990.53239475027658
458129.406318404013291 1113096.754110188223422
458129.406318404013291 1113179.88414835720323
458083.22296386572998 1113267.632521979976445
458180.208008396148216 1113470.839281948516145
458228.70053066132823 1113648.64519692119211
458248.211122353328392 1113657.316571006551385
458266.118367348506581 1113665.275346559705213
458270.265549745759927 1113667.118538736365736
458473.472309714241419 1113593.22517147520557
458648.969056959787849 1113593.22517147520557
458745.954101490206085 1113653.263532374985516
458921.450848735694308 1113750.248576905345544
459277.062678680580575 1113930.363659604685381
459445.631922745378688 1113953.455336873885244
459658.075353621563409 1114036.585375042865053
459852.04544268239988 1114188.99044501921162
460069.107209012378007 1114225.937128649791703
460124.527234458306339 1114258.265476826578379
460133.763905365951359 1114355.250521356938407
460267.695633527007885 1114447.617230433505028
460399.303199358051643 1114567.439044100698084
460577.124108933610842 1114729.335693117231131
460697.303636150725652 1114803.292325250804424
460817.829275094612967 1114876.762309520505369
460817.277552532730624 1114877.122427639784291
460810.382450465869624 1114978.250591286923736
460810.350049351982307 1114978.725807623937726
460884.243416613258887 1114987.962478531524539
460939.217603539989796 1114987.962478531524539
461138.251866573875304 1114987.962478531524539
461138.697652434289921 1114988.259669105289504
461193.671892019803636 1115024.909162162337452
461179.371770069235936 1115142.885168254841119
461175.198550204513595 1115177.314232138684019
461138.251866573875304 1115269.680941215250641
461276.486036146699917 1115347.666246763197705
461276.801930188725237 1115348.192643930204213
461318.366949273215141 1115412.849340284010395
461385.78324814006919 1115393.021017087856308
461396.878651988285128 1115389.757663014810532
461438.443671072775032 1115232.734257584670559
461627.79542467975989 1115269.680941215250641
461768.654656020982657 1115269.680941215250641
461909.513887363369577 1115269.680941215250641
461909.452495972451288 1115269.673004808370024
462075.773963701212779 1115348.192643930204213
462104.390378984040581 1115052.933957148110494
462105.793144151102751 1115053.773758748546243
462263.280042695929296 1115078.477585971122608
462341.32825229637092 1115090.720442379126325
462858.581823125306983 1115201.560493271099404
463032.94231323042186 1115204.162888645892963
463168.010298531851731 1115206.17882872489281
463312.034225316019729 1115240.066811497556046
463325.033703962049913 1115243.125512355472893
463487.068192635546438 1115257.85592041676864
463528.240463930531405 1115261.598854170879349
463742.063988553709351 1115259.637170458678156
464031.639028397970833 1115256.980518717085943
464036.551149307691958 1115257.188982168212533
464618.840508254186716 1115511.43449332145974
465001.489473702094983 1115677.249045015545562
465083.92676156188827 1115687.063007856020704
465195.459562762931455 1115700.340722284745425
465206.60335880133789 1115687.063007856020704
465412.521329092909582 1115441.713936870219186
465454.086348177283071 1115441.713936870219186
465578.781405430810992 1115441.713936870219186
465532.872605886892416 1114722.093504018848762
465532.598050892527681 1114717.789854482281953
465539.020522893755697 1114720.198281482793391
465569.544734523107763 1114731.644860843895003
466788.785294334113132 1114412.979714529588819
467319.893871524487622 1113780.267757355002686
467301.420529709139373 1112916.639027488883585
467250.618839717004448 1112916.639027488883585
466918.098687041318044 1112884.310679312096909
466758.766113884223159 1112838.127324773930013
464220.99078200495569 1112611.82888753619045
464234.497680544038303 1112429.485757259186357
464239.464123820303939 1112362.438773029483855
464022.402357490325812 1112367.057108483277261
464017.784022036474198 1112177.705354876117781
463791.48558479885105 1112173.087019422324374
463796.103920252644457 1111997.590272176777944
463770.201082271058112 1111987.876707933610305
463720.157959458592813 1111969.110536878928542
463611.370502099511214 1111928.315240369411185
463555.950476653524674 1111919.078569461824372
462964.803538563370239 1111706.63513858569786
462955.566867655725218 1111383.351656817598268
462650.756727702973876 1110935.37311779614538
462639.738325468380935 1110945.095237414818257
462613.207652492914349 1110968.504654746269807
462568.781273397617042 1111027.739826873177662
462476.41456432105042 1111041.594833234790713
462420.994538875063881 1111092.396523226983845
462434.849545236560516 1111692.780132224783301
462397.902861605922226 1112168.46868396922946
462335.865957064379472 1112399.655054922448471
462324.009494344645645 1112565.645532998489216
462199.31443709123414 1112607.210552082862705
462194.696101637440734 1112939.730704758549109
461972.189840078179259 1112924.645534483483061
461912.80243819806492 1112924.293450576718897
461779.045910792774521 1112967.440717481542379
461815.992594423354603 1113145.246632454218343
461871.412619869282935 1113168.338309723185375
461857.872015575063415 1113196.650482338387519
461817.990912648674566 1113287.660111303906888
461817.990912648616359 1113287.660111304139718
461797.519252608006354 1113390.018411506898701
461340.304042678908445 1114105.860406850464642
461120.933108622091822 1113953.455336874118075
460631.389550516149029 1113579.370165114058182
460368.144429647887591 1113403.873417868511751
460220.35769512533443 1113293.033366976538673
460127.990986048767809 1113232.995006076758727
460031.005941518349573 1113228.376670622965321
459939.499960123212077 1113208.48406597180292
459924.784226080286317 1113205.284993353765458
459846.272523365158122 1113136.009961546398699
459587.645737950748298 1113205.284993353765458
459268.980591636500321 1112983.604891570052132
459526.210424122109544 1111959.278951493324712
459517.224549899110571 1111951.491193833528087
459446.786506608943455 1111936.397327414248139
459566.863228408503346 1111617.732181100174785
459566.863228408503346 1111483.800452939001843
459585.336570223851595 1111257.502015701495111
459649.993266577424947 1111031.203578463755548
459666.927163241431117 1111001.569259301759303
459667.089660229627043 1110998.48181652603671
459052.093102118000388 1110822.768514208495617
459052.093102116021328 1110822.768514208029956
459052.093102116021328 1110822.768514208029956
459021.899644856632221 1110814.141812133835629
459081.938005756412167 1110137.555668147513643
459105.029683025553823 1109902.020560002187267
459179.132224002212752 1109869.08609734592028
459199.026392850559205 1109821.607189747272059
459211.251398463675287 1109708.050470941467211
459126.432103367871605 1109638.054792830487713
459114.266353933257051 1109629.538768226280808
459118.259350886452012 1109581.622804787941277
